950
719
802
767
428
664
408
1205
860
718
658
763
645
567
647
605
642
478
435
440
473
603
444
359
593
475
891
358
558
484
680
544
488
480
677
532
530
482
520
555
558
654
658
724
392
366
655
664
500
372
669
374
373
708
672
375
377
376
377
375
372
382
383
1120
492
885
385
394
389
388
660
850
831
655
393
647
897
649
398
399
400
630
406
633
737
829
409
410
674
415
412
419
417
410
414
407
634
857
979
632
426
621
636
650
827
642
397
436
440
595
595
855
441
442
448
450
449
1291
673
838
453
1091
451
1013
448
461
825
587
458
869
449
602
597
998
600
1299
554
476
478
477
543
548
883
1219
538
675
482
541
813
812
341
342
340
537
493
371
494
663
495
496
493
507
1263
662
498
368
499
503
665
367
501
395
908
701
506
364
508
657
392
1296
366
510
508
363
508
898
696
891
898
557
514
692
363
358
359
602
553
357
518
476
560
523
518
521
691
889
522
550
350
353
523
352
525
351
527
529
355
529
476
683
546
544
534
854
347
348
343
1087
346
535
344
856
537
682
484
542
483
542
479
549
551
1036
646
602
561
561
563
470
564
472
563
896
469
568
593
568
468
895
600
571
466
467
572
459
573
767
464
463
463
451
789
462
578
461
785
460
1006
460
581
459
582
447
585
446
776
590
590
601
437
435
900
430
728
613
608
399
647
431
989
430
890
640
827
429
614
879
615
622
616
427
617
757
405
426
637
857
424
625
624
623
748
624
618
626
420
421
421
627
881
868
739
852
644
830
641
643
384
670
464
1022
345
678
867
821
852
640
749
625
368
705
692
520
478
804
360
698
704
495
388
666
731
651
361
362
756
618
822
481
380
382
645
1293
516
843
345
346
443
591
549
547
545
888
511
511
668
670
505
503
474
1029
346
871
638
402
451
864
445
444
382
384
579
578
606
608
816
384
1192
459
502
502
574
849
593
1083
573
574
687
350
700
504
1057
474
531
531
788
576
589
588
1296
847
901
1292
610
610
589
904
814
675
515
515
435
996
889
349
509
509
805
907
699
363
391
659
851
851
517
517
782
456
908
495
1133
422
674
839
897
397
840
565
522
889
539
539
653
396
340
675
411
412
565
565
512
512
497
1179
390
392
858
497
722
874
562
563
823
570
600
1139
592
592
381
1086
556
556
648
648
430
611
664
952
879
759
425
619
864
787
614
614
524
524
671
715
670
668
536
536
365
1050
533
884
401
402
370
370
361
361
712
710
473
796
500
500
457
457
408
631
456
454
580
580
1013
783
757
882
568
467
789
790
348
911
432
433
703
706
448
869
583
783
702
369
640
400
773
771
668
666
526
686
891
1263
840
471
358
873
846
800
625
1250
365
365
487
485
446
444
639
639
791
794
528
685
555
878
552
552
609
761
577
1023
706
817
472
473
452
452
492
713
480
480
971
405
837
489
656
656
434
434
844
844
800
559
662
659
596
596
486
813
413
413
355
523
1099
723
410
412
354
354
438
439
606
606
868
732
628
740
482
1176
513
513
1175
777
485
484
673
673
540
540
455
455
487
487
899
604
653
655
470
470
849
465
519
519
804
822
548
806
885
865
380
378
818
700
445
887
732
400
574
789
836
711
630
857
506
506
848
848
415
1089
616
616
588
588
653
1238
725
845
752
870
1084
1015
586
586
819
688
607
608
526
526
780
456
528
528
678
489
733
402
355
1109
356
356
1042
342
748
421
878
801
520
873
892
792
672
672
866
866
895
769
784
824
498
498
620
620
491
491
584
584
652
652
633
633
774
863
554
554
349
350
404
404
514
514
1287
737
714
375
386
716
387
387
594
594
764
899
545
545
604
604
432
432
650
650
396
396
551
551
532
532
468
468
842
1003
369
369
569
569
585
585
490
490
873
690
581
581
547
547
403
403
491
491
437
437
672
672
674
416
762
879
1239
842
841
841
394
394
534
534
779
779
627
747
577
577
612
612
680
813
1010
770
962
902
720
1294
660
660
629
629
667
667
379
379
423
423
830
1098
680
679
681
871
884
856
865
865
645
1126
390
390
352
352
709
380
811
867
808
806
755
755
343
343
439
439
571
571
559
559
566
566
619
619
418
418
407
407
795
1151
740
1171
426
755
750
828
874
960
598
598
694
901
599
599
673
673
661
661
872
793
561
797
906
635
631
631
754
1074
643
643
504
504
844
731
1000
766
889
1228
575
575
465
465
386
386
745
750
810
859
845
893
1267
849
758
1101
903
872
839
416
870
870
865
1086
821
809
428
428
637
637
873
693
887
772
373
373
894
734
900
842
419
419
541
541
611
611
1034
797
442
442
416
416
744
741
622
622
860
717
635
635
424
424
955
722
1008
769
942
707
760
758
854
921
894
735
1025
793
689
1292
820
678
836
710
811
859
768
1168
684
875
999
879
992
875
842
877
891
778
825
1048
910
1059
892
722
720
881
737
997
768
1211
694
676
815
692
928
746
747
890
1231
708
706
859
806
736
906
864
838
856
914
694
847
823
905
1097
793
743
743
742
829
702
934
947
711
741
741
1297
1103
787
862
1240
906
760
760
1022
1019
1233
846
725
724
1286
1122
978
1089
830
967
708
817
1294
776
778
803
799
765
1139
898
1082
1286
910
1291
1061
838
838
718
718
880
908
909
1245
712
711
904
1079
1047
915
1009
1199
781
781
911
1285
771
855
714
714
791
791
843
843
836
836
888
1290
795
795
727
845
888
888
765
765
1293
876
1059
1026
807
907
1247
862
1053
1275
1298
827
768
1003
775
775
981
753
1233
798
688
1215
846
846
883
1041
863
863
837
815
1090
948
1213
872
1085
820
896
1100
1218
734
695
931
826
826
738
738
1073
1240
684
919
852
852
1121
1294
699
698
751
853
1021
1078
902
727
1087
677
684
1168
1294
1122
1001
826
876
1278
925
927
1264
1071
1102
697
858
1196
1044
1046
993
1101
1237
847
1057
1299
855
855
882
1223
893
893
903
798
702
940
1049
941
839
1092
735
735
905
886
743
744
782
783
872
1206
1260
1004
697
696
962
729
729
689
1109
1285
917
1051
877
1281
1081
903
903
772
772
928
1235
1096
1292
1195
861
1034
803
943
940
963
731
1041
907
1036
1056
876
1063
1297
785
785
833
833
747
976
697
1102
870
987
682
682
1275
1076
762
1236
730
730
808
808
839
839
909
988
721
721
957
1099
1236
997
835
835
858
1184
834
834
1024
1213
853
909
1113
935
924
1228
948
949
1176
1055
763
763
1038
1155
837
1095
886
1284
937
1229
1045
913
803
802
861
861
690
690
758
1080
1030
880
936
944
1193
786
786
1069
1293
1088
1088
1266
958
959
1015
778
837
837
929
847
877
1051
993
1212
965
1234
887
887
911
911
1014
1014
1017
864
1060
1016
1156
1290
1159
1158
951
950
1012
1013
799
799
1190
1084
845
726
810
810
1295
823
726
726
1033
1209
945
946
905
905
981
981
716
716
897
897
975
1067
686
686
1230
970
1100
1035
832
832
704
704
853
853
916
1054
883
883
1027
1295
753
753
977
1131
915
1104
1065
1064
850
850
1238
961
900
900
1062
1208
1296
932
1209
1033
774
774
989
1273
751
751
1171
1218
1066
1134
930
933
1129
1197
910
910
880
880
1052
1052
1297
1107
1106
1040
1043
1142
1008
1018
1226
982
978
1093
1093
1165
1141
1095
912
959
960
968
1001
1208
1026
1047
1047
1096
963
1234
954
953
1206
1213
1188
1257
918
1285
1002
1005
1138
1207
1288
987
1147
1012
1070
1203
924
1108
1155
1224
1235
1283
1103
1103
1298
1136
1105
912
1299
1261
980
1174
1058
1058
964
1234
1032
954
1077
966
1068
1157
1176
1201
1110
986
1135
1045
1045
1111
1111
966
966
1092
1092
964
964
1085
1186
1160
1148
1224
1037
1182
1147
1091
1145
1025
1150
942
942
1113
932
946
1191
973
1197
1011
1175
1122
956
953
953
1198
1040
974
1287
1273
991
1195
986
926
927
1267
1025
1189
1259
1227
1166
1005
1005
1228
923
1182
1012
1284
1149
971
1240
1125
1126
1031
1032
1037
1037
934
934
912
912
1163
1256
1072
1170
1287
1177
1090
947
976
976
1115
1179
1031
1152
1028
1028
1208
1239
1016
1016
946
945
983
983
1211
932
985
1174
1203
1203
1007
1291
1201
1109
922
922
920
1243
1094
1094
1002
1002
1119
1193
1023
1022
923
923
991
991
1007
1007
1043
1043
945
1118
938
1229
1039
1075
914
914
1020
1149
1267
1164
1190
1160
938
1277
1207
995
951
951
1010
1010
984
984
1154
1071
1221
1210
1210
918
1178
1289
1114
990
990
978
1259
1274
1246
1150
1222
1039
1039
1031
1153
1276
1226
1163
1132
1285
1243
994
994
997
1239
1141
1225
939
1289
995
995
1127
968
930
930
1231
1169
958
958
926
926
1232
1232
969
1265
999
999
939
939
1278
972
1237
1202
944
945
1064
1137
1224
1167
1098
1098
1146
1269
969
969
1092
1092
1227
1274
1116
1117
972
972
1253
1143
1029
1029
1191
1173
1118
1115
1193
1286
1161
1161
1176
1180
936
936
956
956
1279
1279
1131
1130
917
917
1257
1162
1211
1112
1280
1280
1217
1263
1216
1141
1220
1108
1282
1282
1223
1223
1271
1258
1020
1020
974
974
1153
1232
1192
1149
985
985
1018
1018
920
920
1272
1199
1207
1137
1104
1186
1225
1165
1124
1238
1214
1214
1208
1216
1184
1117
1276
1267
1201
1235
1270
1257
1148
1172
1226
1226
1258
1183
1271
1271
1154
1204
1263
1277
1244
1244
1221
1214
1185
1250
1242
1242
1253
1269
1202
1202
1211
1217
1262
1262
1251
1253
1183
1120
1260
1272
1181
1181
1235
1283
1144
1144
1196
1289
1166
1264
1223
1212
1246
1246
1270
1159
1250
1174
1245
1245
1247
1247
1152
1152
1265
1230
1140
1139
1241
1241
1180
1157
1265
1265
1174
1135
1194
1194
1157
1157
877
1283
1167
1155
1242
1242
1106
1105
1280
1236
1188
1257
1261
1261
1219
1209
1120
1120
1192
1284
1258
1258
1218
1218
1288
1288
1169
1266
1260
1260
878
1209
1282
1233
1148
1148
1254
1143
1229
1229
1185
1129
1129
1129
1213
1222
1173
1173
1189
1256
1137
1137
875
1200
1196
1196
1115
1115
1204
1204
1214
1123
1213
1213
1208
1208
1133
1133
1123
1124
1214
1214
1178
1178
1121
1286
1121
1121
1210
1210
1266
1266
1264
1264
1144
1144
1227
1227
1177
1177
1200
1200
1287
1177
1215
1220
1126
1126
1223
1223
1234
1281
1241
1241
1262
1262
1187
1187
1254
1254
1106
1178
1128
1128
1206
1206
1174
1174
1207
1207
1238
1281
1211
1211
1259
1259
1126
1126
1150
1150
1268
1268
1109
1110
1253
1254
1181
1181
1237
1237
1184
1184
1231
1231
1237
1202
1248
1248
1177
1177
1110
1110
1220
1220
1255
1255
1192
1284
1255
1255
1198
1290
1234
1205
1206
1233
1175
1175
1243
1243
1108
1108
1209
1209
1225
1225
1198
1198
1232
1204
1175
1175
1244
1244
1252
1248
1236
1236
1252
1106
1155
1261
1187
1187
1230
1230
1239
1200
1186
1186
1124
1124
1113
1113
1267
1267
1268
1268
1270
1270
1262
1262
1256
1256
1269
1269
1252
1252
1251
1251
1249
1271
1249
1249
1251
1251
1263
1263
1266
1266
1250
1250
1264
1264
1265
1265
1254
1254
1260
1260
1249
1249
1257
1257
1250
1250
1252
1252
1249
1249
1261
1261
1281
1281
1284
1284
1278
1278
1291
1291
1280
1280
1288
1288
1277
1277
1286
1286
1276
1276
1272
1272
1283
1283
1279
1279
1282
1282
1274
1274
1273
1273
1290
1290
1275
1275
1289
1289
1287
1287
1285
1285
1506
1578
1460
1333
1399
1364
51
1595
1454
1355
1558
1349
217
1339
1338
1343
1341
1343
1553
1344
1337
1336
1345
1334
1522
1333
1679
1348
1339
1342
1508
1333
1350
1610
1351
1336
1330
1331
1358
1317
1326
1327
1332
1447
1361
1323
2172
1322
1358
1598
1359
1400
1443
1523
300
1579
1507
2164
1382
1380
1636
1561
1384
1378
1384
1377
1390
1481
1389
1371
1385
1391
1373
1372
1368
1393
1396
1569
1392
1366
1401
1482
1569
1396
1396
1367
1397
1365
1400
1360
1398
1355
1360
1439
1364
1434
1411
2163
134
1420
1424
1420
1488
1589
2166
1425
1419
1426
1427
1417
1427
1429
1514
1535
1490
1414
1535
1529
1535
1571
1412
1435
1409
1439
1408
1443
1406
2181
1404
1439
1405
1440
1560
1442
1446
1538
1403
1446
1318
1313
1319
1318
1322
1525
1509
1312
1456
1619
1531
1451
1313
1455
1312
1537
1309
1310
1309
1462
1307
1456
1454
1457
1305
1460
1304
1459
1303
1506
1303
1461
1301
1302
1462
1301
1383
1738
1521
1509
2160
1453
1458
1460
1314
1441
2170
1415
1433
1437
1438
1395
1316
1369
1402
1445
1535
1415
1353
1355
2179
1314
1340
2158
1433
1417
1600
1357
1305
1584
1380
1382
1360
1662
1530
1530
1463
2160
1432
1431
1416
1416
2165
2158
2156
2156
1374
1387
1449
1527
1423
1423
1536
1394
1362
1362
1504
1425
1425
1595
1300
1392
1391
1520
1329
1441
1441
1550
1508
1683
1308
1335
1532
1444
1444
1346
1346
1335
1335
1352
1329
1341
2158
1463
2157
1320
1468
1417
1513
1514
1578
1363
1363
1324
1324
1311
1311
1325
1539
1317
1318
1421
1420
1308
1308
1338
1338
1384
1376
1515
1388
1423
2156
1458
1458
1303
2168
1394
1394
1386
2161
1315
1315
1377
1510
1434
1434
1329
1328
1449
1313
1540
1373
1367
1519
1436
1436
1354
1354
1398
1398
1422
1422
1452
1452
2175
1512
1325
1325
1407
1407
1321
1321
1528
1352
1379
1379
1534
1534
1466
1549
1386
1386
1448
1448
1437
1437
1305
1530
1446
2182
2157
1506
1358
2184
1343
1344
1540
1534
1382
1747
1347
1405
1406
1356
1356
2164
1515
1472
1471
1528
1539
1497
1574
1418
1418
1409
1401
1577
1327
1327
2186
2176
1527
2180
2159
1381
1370
1370
1503
1594
1349
1349
1369
1369
1564
2178
1542
1410
1320
1320
1509
1619
1404
1720
1536
1533
1485
2158
1505
1430
1529
1410
1410
1376
1375
1539
1444
1429
1486
1372
1372
1388
1388
2159
1507
1431
1431
1450
1449
1543
1527
1523
1534
2183
2186
1364
2177
1366
1366
1375
1375
1451
1451
1550
1553
1306
1306
1413
1413
1381
1381
1632
1515
1583
2167
1455
1455
1881
2161
1533
1300
1300
1412
1412
1580
1531
1402
1402
2183
1404
1498
1502
2178
1491
1331
1331
1554
1469
1351
1351
1532
1474
2161
2181
1470
1525
1347
1347
1570
1607
1390
1390
1428
1428
1520
1473
1516
1428
1526
1467
1527
1528
2166
1501
1653
1495
2163
1592
1475
1538
1525
1646
1819
1477
1493
2174
1615
1585
1519
2184
1469
2165
1586
1506
2157
1602
1483
1617
2184
1511
1509
1476
1731
1465
1517
1541
1531
1540
1605
2172
2172
1474
2185
1616
1596
1524
1662
1603
1467
1466
1654
1512
1512
1496
1496
1543
2177
1611
1500
2159
1503
1594
1340
1505
1814
1529
1601
1422
1504
1526
1526
1513
1516
1467
1488
1573
1541
2179
1751
1646
1593
1500
1517
2160
1558
1522
1522
1470
1470
1511
1511
1479
1479
2173
1490
2181
1480
1499
1499
1524
1483
1518
1486
1475
2162
2162
2160
1545
1508
1528
1501
1504
1521
1521
1547
1466
2174
1537
1748
2176
2176
2180
2180
1501
2169
1561
1585
1520
1520
1510
1510
1596
1722
1608
1618
1598
2175
1557
2187
2187
1650
1484
1492
1492
1503
1503
1680
1599
1740
2172
1537
1580
2167
2167
1478
1478
1483
1523
1523
1552
1628
2173
1490
1484
1484
1464
1590
1583
1494
1494
1501
1634
1559
1499
1556
1531
1666
1546
1582
1463
1506
1476
1476
1623
1609
2182
1592
1688
1588
2178
2171
1496
2170
1690
1591
2163
1489
1651
2164
1496
1518
1518
2168
1740
1542
1604
1593
1563
1529
1538
1517
1517
2183
1687
1625
2174
1673
1552
1746
1674
1487
1487
1562
1587
1682
1739
1625
1549
1474
2175
1599
1598
1489
1489
1589
1718
1519
1519
1577
1578
1752
1746
1802
1565
1648
1744
1670
1566
1563
1544
1544
1583
1546
1569
1775
1558
2176
1678
2177
1643
1614
1614
1548
1548
1770
1695
1572
1572
1617
1551
1553
1669
1594
1660
1665
1587
1762
1610
1660
1567
1602
2184
1614
1568
1594
2165
1595
1591
1592
1662
2178
1608
1756
1741
1737
1576
1575
1723
1733
1593
2171
1739
1724
2162
1594
1573
1592
1613
1613
1565
1565
1661
1581
1581
1612
1612
1595
1689
1621
1544
1611
1622
1763
1555
1597
1597
2185
1600
1630
1554
1563
1637
1749
1623
1549
1657
1606
1619
1726
1669
1643
1732
2179
1611
1626
1627
1555
1555
1751
1645
2169
2166
1604
1604
1585
1878
1761
1605
1605
1575
1575
1865
1663
2186
1610
2163
1592
1858
1691
1758
1631
2187
1641
1652
1656
1755
2167
1595
1602
1740
1745
1670
1651
1653
1752
1677
1677
1652
1659
1671
1671
1640
1730
1672
1672
1680
1680
1649
1667
1624
1663
1760
1647
1675
1675
1749
1747
1639
1638
1810
1711
1591
1688
1676
1676
1657
1663
1628
1763
1706
1633
1728
1651
1682
1682
1837
1843
1668
1668
1754
1744
1696
1810
1762
1637
1586
1690
1629
1701
1735
1657
1667
1667
1658
1658
1655
1620
1715
1658
1699
1703
1633
1633
1820
1670
1669
1722
1687
1687
1625
1723
1642
1734
1686
1686
1733
1754
1761
1655
1585
1691
1684
1684
1775
1715
1760
1760
1722
1769
1638
1638
1825
1711
1681
1681
1629
1629
1835
1735
1679
1679
1685
1685
1678
1678
1642
1642
1647
1647
1694
1818
1673
1673
1674
1674
1584
1689
1664
1664
1700
1743
1734
1713
1644
1644
1635
1635
1620
1620
1864
1801
1735
1879
1778
1721
1683
1683
1794
1699
1712
1734
1710
1762
1753
1753
1759
1759
1705
1698
1738
1752
1692
1761
1757
1757
1762
1762
1703
1849
1736
1755
1754
1821
1743
1809
1704
1704
1695
1733
1789
1755
1804
1751
1760
1760
1747
1737
1758
1702
1788
1707
1804
1718
1861
1745
1776
1781
1788
1786
1839
1782
1772
1882
1763
1701
1869
1756
1748
1811
1774
1749
1797
1777
1818
1716
1791
1787
1786
1902
1742
1742
1729
1729
1702
1889
1725
1725
1761
1761
1727
1727
1879
1764
1697
1697
1815
1777
1763
1763
1750
1750
1807
1835
1852
1808
1813
1794
1814
1888
1741
1741
1693
1693
1714
1714
1716
1716
1707
1707
1709
1709
1818
1739
1698
1698
1829
1864
1769
1829
1708
1708
1719
1719
1784
1833
1796
1797
1717
1717
1775
1780
1813
1877
1821
1805
1705
1705
1812
1798
1872
1823
1808
1887
1803
1876
1926
1790
1811
1924
1784
1893
1880
1848
1794
1875
1822
1822
1785
1785
1815
1891
1780
1771
1884
1890
1806
1820
1816
1816
1767
1765
1832
1883
1799
1799
1819
1825
1783
1783
1830
1791
1826
1826
1831
1766
1837
1858
1853
1853
1805
1823
1817
1845
1847
1871
1800
1800
1798
1798
1881
1768
1803
1803
1809
1809
1768
1768
1806
1806
1804
1943
1773
1773
1851
1976
1766
1766
1786
1788
1793
1793
1817
1817
1779
1929
1779
1781
1840
1781
1949
1830
1867
1868
1981
1878
1860
1859
1824
1824
1774
1774
1874
1877
1969
1886
1827
1827
1953
1849
1796
1796
1769
1934
1858
1990
1812
1812
1838
1903
1795
1795
1792
1870
2013
1836
1792
1792
1874
1883
1843
1842
1945
1891
1960
1982
1885
1885
1856
1855
1889
1857
1873
1873
1882
1882
1872
1905
1880
1872
1899
1854
1888
1853
1989
1950
1855
1984
1979
1912
1869
1876
1835
1838
1869
1945
1945
1906
1886
1875
1843
1988
1862
1926
1977
1897
1915
1877
1868
1868
1963
1841
1886
1917
1913
1871
1850
1904
1932
1963
1834
1834
1863
1865
1981
1982
1980
1914
1857
1857
1866
1866
1927
1919
1933
1886
1966
1978
1916
1933
1865
1890
1861
1861
1846
1846
1946
2015
1854
1854
1871
1980
1923
1863
1909
1923
1904
1965
1863
1947
1891
1891
1847
1905
1887
1887
1931
1912
1884
1884
1832
1832
1907
1908
1844
1844
1842
1842
1951
1895
1909
1975
1828
1828
1925
1926
1848
1848
1954
1893
1941
1941
1980
1974
1947
1947
1940
1940
1941
1953
1995
1938
1991
1936
1976
1915
1894
1894
1939
1939
1937
1992
1986
1970
1943
1943
1968
1903
1990
1921
1910
1910
1935
1946
1937
1937
1900
1956
1985
1979
1911
1958
1942
1942
1925
1925
1911
1905
1988
1921
1954
1927
1944
1944
1950
2017
1920
1920
2141
1974
1918
1918
2026
1987
1930
1930
1896
1896
1922
1922
1898
1898
1938
1938
1983
1978
1928
1928
1967
2043
1936
1936
1961
2037
1961
1911
1901
1901
1946
1946
1977
1952
1899
1899
1944
1944
1962
2034
1960
1964
1919
1919
2064
1959
1935
1935
1913
1913
1892
1892
1972
1972
1971
1971
1966
1983
1973
1973
1985
1985
1974
1991
2022
2020
1955
1950
1987
1969
1979
2038
2021
1970
1969
2015
2027
2027
2026
1995
2006
1948
1986
1986
1967
1967
2027
1966
1958
2049
2036
1975
1988
2017
1957
1956
2023
2023
1958
2003
2008
1949
2045
1968
1975
2053
2002
1953
2026
2024
2025
2023
1984
1984
1989
1968
2001
2000
2030
2028
1996
1997
2040
2036
2052
2014
2044
2007
1994
2005
2004
2154
2017
2043
1999
2012
1965
1965
2041
2014
2021
2021
1998
2037
2012
2012
2024
2024
2036
2040
2018
2018
2019
2019
2016
2016
2002
2003
2025
2025
2015
2155
2022
2022
2047
2039
2153
2078
2152
1993
2020
2020
2013
2013
1993
1997
2018
2050
2055
2055
2059
2136
2053
2049
2038
2033
2062
2129
2076
2081
2068
2060
2188
2061
1999
1999
2169
2029
1993
1993
2031
2107
2142
2048
2011
2011
2010
2010
2009
2009
1996
2054
2041
2168
2045
2042
2051
2171
2050
2050
2111
2044
2039
2039
2066
2032
2143
2067
2047
2047
2053
2132
2151
2080
2037
2170
2042
2042
2037
2068
2109
2140
2052
2052
2038
2034
2147
2035
2046
2046
2154
2137
2141
2145
2038
2137
2029
2132
2051
2051
2035
2035
2036
2067
2146
2142
2144
2148
2136
2049
2054
2054
2048
2048
2134
2065
2078
2130
2144
2132
2109
2131
2152
2003
2135
2131
2069
2069
2189
2129
2135
2135
2063
2147
2144
2134
2153
2147
2070
2070
2131
2136
2138
2142
2148
2154
2129
2133
2133
2130
2144
2107
2138
2130
2123
2096
2142
2098
2151
2134
2139
2137
2137
2190
2133
2155
2140
2147
2153
2102
2116
2155
2121
2111
2094
2092
2103
2154
2106
2093
2095
2113
2115
2120
2120
2105
2114
2121
2104
2123
2103
2152
2099
2112
2097
2105
2096
2101
2107
2151
2100
2100
2127
2121
2108
2108
2118
2126
2098
2113
2124
2122
2118
2119
2110
2110
2120
2126
2122
2122
2123
2125
2115
2127
2125
2124
2121
2121
2117
2117
2149
2126
2125
2128
2122
2122
2124
2119
2128
2127
2123
2123
2120
2120
2149
2150
2124
2124
2125
2125
2126
2126
2127
2127
2150
2128
2139
2139
2168
2168
2130
2130
2134
2134
2169
2169
2190
2170
2170
2144
2144
2135
2135
2155
2155
2171
2171
2077
2189
2138
2138
2108
2151
2151
2149
2149
2142
2142
2140
2140
2133
2133
2153
2153
2129
2129
2141
2141
2147
2147
2131
2131
2110
2154
2137
2137
2136
2136
2132
2132
1999
2188
2150
2150
950
719
802
767
428
664
408
1205
860
718
658
763
645
567
647
605
642
478
435
440
473
603
444
359
593
475
891
358
558
484
680
544
488
480
677
532
530
482
520
555
558
654
658
724
392
366
655
664
500
372
669
374
373
708
672
375
377
376
377
375
372
382
383
1120
492
885
385
394
389
388
660
850
831
655
393
647
897
649
398
399
400
630
406
633
737
829
409
410
674
415
412
419
417
410
414
407
634
857
979
632
426
621
636
650
827
642
397
436
440
595
595
855
441
442
448
450
449
1291
673
838
453
1091
451
1013
448
461
825
587
458
869
449
602
597
998
600
1299
554
476
478
477
543
548
883
1219
538
675
482
541
813
812
341
342
340
537
493
371
494
663
495
496
493
507
1263
662
498
368
499
503
665
367
501
395
908
701
506
364
508
657
392
1296
366
510
508
363
508
898
696
891
898
557
514
692
363
358
359
602
553
357
518
476
560
523
518
521
691
889
522
550
350
353
523
352
525
351
527
529
355
529
476
683
546
544
534
854
347
348
343
1087
346
535
344
856
537
682
484
542
483
542
479
549
551
1036
646
602
561
561
563
470
564
472
563
896
469
568
593
568
468
895
600
571
466
467
572
459
573
767
464
463
463
451
789
462
578
461
785
460
1006
460
581
459
582
447
585
446
776
590
590
601
437
435
900
430
728
613
608
399
647
431
989
430
890
640
827
429
614
879
615
622
616
427
617
757
405
426
637
857
424
625
624
623
748
624
618
626
420
421
421
627
881
868
739
852
644
830
641
643
384
670
464
1022
345
678
867
821
852
640
749
625
368
705
692
520
478
804
360
698
704
495
388
666
731
651
361
362
756
618
822
481
380
382
645
1293
516
843
345
346
443
591
549
547
545
888
511
511
668
670
505
503
474
1029
346
871
638
402
451
864
445
444
382
384
579
578
606
608
816
384
1192
459
502
502
574
849
593
1083
573
574
687
350
700
504
1057
474
531
531
788
576
589
588
1296
847
901
1292
610
610
589
904
814
675
515
515
435
996
889
349
509
509
805
907
699
363
391
659
851
851
517
517
782
456
908
495
1133
422
674
839
897
397
840
565
522
889
539
539
653
396
340
675
411
412
565
565
512
512
497
1179
390
392
858
497
722
874
562
563
823
570
600
1139
592
592
381
1086
556
556
648
648
430
611
664
952
879
759
425
619
864
787
614
614
524
524
671
715
670
668
536
536
365
1050
533
884
401
402
370
370
361
361
712
710
473
796
500
500
457
457
408
631
456
454
580
580
1013
783
757
882
568
467
789
790
348
911
432
433
703
706
448
869
583
783
702
369
640
400
773
771
668
666
526
686
891
1263
840
471
358
873
846
800
625
1250
365
365
487
485
446
444
639
639
791
794
528
685
555
878
552
552
609
761
577
1023
706
817
472
473
452
452
492
713
480
480
971
405
837
489
656
656
434
434
844
844
800
559
662
659
596
596
486
813
413
413
355
523
1099
723
410
412
354
354
438
439
606
606
868
732
628
740
482
1176
513
513
1175
777
485
484
673
673
540
540
455
455
487
487
899
604
653
655
470
470
849
465
519
519
804
822
548
806
885
865
380
378
818
700
445
887
732
400
574
789
836
711
630
857
506
506
848
848
415
1089
616
616
588
588
653
1238
725
845
752
870
1084
1015
586
586
819
688
607
608
526
526
780
456
528
528
678
489
733
402
355
1109
356
356
1042
342
748
421
878
801
520
873
892
792
672
672
866
866
895
769
784
824
498
498
620
620
491
491
584
584
652
652
633
633
774
863
554
554
349
350
404
404
514
514
1287
737
714
375
386
716
387
387
594
594
764
899
545
545
604
604
432
432
650
650
396
396
551
551
532
532
468
468
842
1003
369
369
569
569
585
585
490
490
873
690
581
581
547
547
403
403
491
491
437
437
672
672
674
416
762
879
1239
842
841
841
394
394
534
534
779
779
627
747
577
577
612
612
680
813
1010
770
962
902
720
1294
660
660
629
629
667
667
379
379
423
423
830
1098
680
679
681
871
884
856
865
865
645
1126
390
390
352
352
709
380
811
867
808
806
755
755
343
343
439
439
571
571
559
559
566
566
619
619
418
418
407
407
795
1151
740
1171
426
755
750
828
874
960
598
598
694
901
599
599
673
673
661
661
872
793
561
797
906
635
631
631
754
1074
643
643
504
504
844
731
1000
766
889
1228
575
575
465
465
386
386
745
750
810
859
845
893
1267
849
758
1101
903
872
839
416
870
870
865
1086
821
809
428
428
637
637
873
693
887
772
373
373
894
734
900
842
419
419
541
541
611
611
1034
797
442
442
416
416
744
741
622
622
860
717
635
635
424
424
955
722
1008
769
942
707
760
758
854
921
894
735
1025
793
689
1292
820
678
836
710
811
859
768
1168
684
875
999
879
992
875
842
877
891
778
825
1048
910
1059
892
722
720
881
737
997
768
1211
694
676
815
692
928
746
747
890
1231
708
706
859
806
736
906
864
838
856
914
694
847
823
905
1097
793
743
743
742
829
702
934
947
711
741
741
1297
1103
787
862
1240
906
760
760
1022
1019
1233
846
725
724
1286
1122
978
1089
830
967
708
817
1294
776
778
803
799
765
1139
898
1082
1286
910
1291
1061
838
838
718
718
880
908
909
1245
712
711
904
1079
1047
915
1009
1199
781
781
911
1285
771
855
714
714
791
791
843
843
836
836
888
1290
795
795
727
845
888
888
765
765
1293
876
1059
1026
807
907
1247
862
1053
1275
1298
827
768
1003
775
775
981
753
1233
798
688
1215
846
846
883
1041
863
863
837
815
1090
948
1213
872
1085
820
896
1100
1218
734
695
931
826
826
738
738
1073
1240
684
919
852
852
1121
1294
699
698
751
853
1021
1078
902
727
1087
677
684
1168
1294
1122
1001
826
876
1278
925
927
1264
1071
1102
697
858
1196
1044
1046
993
1101
1237
847
1057
1299
855
855
882
1223
893
893
903
798
702
940
1049
941
839
1092
735
735
905
886
743
744
782
783
872
1206
1260
1004
697
696
962
729
729
689
1109
1285
917
1051
877
1281
1081
903
903
772
772
928
1235
1096
1292
1195
861
1034
803
943
940
963
731
1041
907
1036
1056
876
1063
1297
785
785
833
833
747
976
697
1102
870
987
682
682
1275
1076
762
1236
730
730
808
808
839
839
909
988
721
721
957
1099
1236
997
835
835
858
1184
834
834
1024
1213
853
909
1113
935
924
1228
948
949
1176
1055
763
763
1038
1155
837
1095
886
1284
937
1229
1045
913
803
802
861
861
690
690
758
1080
1030
880
936
944
1193
786
786
1069
1293
1088
1088
1266
958
959
1015
778
837
837
929
847
877
1051
993
1212
965
1234
887
887
911
911
1014
1014
1017
864
1060
1016
1156
1290
1159
1158
951
950
1012
1013
799
799
1190
1084
845
726
810
810
1295
823
726
726
1033
1209
945
946
905
905
981
981
716
716
897
897
975
1067
686
686
1230
970
1100
1035
832
832
704
704
853
853
916
1054
883
883
1027
1295
753
753
977
1131
915
1104
1065
1064
850
850
1238
961
900
900
1062
1208
1296
932
1209
1033
774
774
989
1273
751
751
1171
1218
1066
1134
930
933
1129
1197
910
910
880
880
1052
1052
1297
1107
1106
1040
1043
1142
1008
1018
1226
982
978
1093
1093
1165
1141
1095
912
959
960
968
1001
1208
1026
1047
1047
1096
963
1234
954
953
1206
1213
1188
1257
918
1285
1002
1005
1138
1207
1288
987
1147
1012
1070
1203
924
1108
1155
1224
1235
1283
1103
1103
1298
1136
1105
912
1299
1261
980
1174
1058
1058
964
1234
1032
954
1077
966
1068
1157
1176
1201
1110
986
1135
1045
1045
1111
1111
966
966
1092
1092
964
964
1085
1186
1160
1148
1224
1037
1182
1147
1091
1145
1025
1150
942
942
1113
932
946
1191
973
1197
1011
1175
1122
956
953
953
1198
1040
974
1287
1273
991
1195
986
926
927
1267
1025
1189
1259
1227
1166
1005
1005
1228
923
1182
1012
1284
1149
971
1240
1125
1126
1031
1032
1037
1037
934
934
912
912
1163
1256
1072
1170
1287
1177
1090
947
976
976
1115
1179
1031
1152
1028
1028
1208
1239
1016
1016
946
945
983
983
1211
932
985
1174
1203
1203
1007
1291
1201
1109
922
922
920
1243
1094
1094
1002
1002
1119
1193
1023
1022
923
923
991
991
1007
1007
1043
1043
945
1118
938
1229
1039
1075
914
914
1020
1149
1267
1164
1190
1160
938
1277
1207
995
951
951
1010
1010
984
984
1154
1071
1221
1210
1210
918
1178
1289
1114
990
990
978
1259
1274
1246
1150
1222
1039
1039
1031
1153
1276
1226
1163
1132
1285
1243
994
994
997
1239
1141
1225
939
1289
995
995
1127
968
930
930
1231
1169
958
958
926
926
1232
1232
969
1265
999
999
939
939
1278
972
1237
1202
944
945
1064
1137
1224
1167
1098
1098
1146
1269
969
969
1092
1092
1227
1274
1116
1117
972
972
1253
1143
1029
1029
1191
1173
1118
1115
1193
1286
1161
1161
1176
1180
936
936
956
956
1279
1279
1131
1130
917
917
1257
1162
1211
1112
1280
1280
1217
1263
1216
1141
1220
1108
1282
1282
1223
1223
1271
1258
1020
1020
974
974
1153
1232
1192
1149
985
985
1018
1018
920
920
1272
1199
1207
1137
1104
1186
1225
1165
1124
1238
1214
1214
1208
1216
1184
1117
1276
1267
1201
1235
1270
1257
1148
1172
1226
1226
1258
1183
1271
1271
1154
1204
1263
1277
1244
1244
1221
1214
1185
1250
1242
1242
1253
1269
1202
1202
1211
1217
1262
1262
1251
1253
1183
1120
1260
1272
1181
1181
1235
1283
1144
1144
1196
1289
1166
1264
1223
1212
1246
1246
1270
1159
1250
1174
1245
1245
1247
1247
1152
1152
1265
1230
1140
1139
1241
1241
1180
1157
1265
1265
1174
1135
1194
1194
1157
1157
877
1283
1167
1155
1242
1242
1106
1105
1280
1236
1188
1257
1261
1261
1219
1209
1120
1120
1192
1284
1258
1258
1218
1218
1288
1288
1169
1266
1260
1260
878
1209
1282
1233
1148
1148
1254
1143
1229
1229
1185
1129
1129
1129
1213
1222
1173
1173
1189
1256
1137
1137
875
1200
1196
1196
1115
1115
1204
1204
1214
1123
1213
1213
1208
1208
1133
1133
1123
1124
1214
1214
1178
1178
1121
1286
1121
1121
1210
1210
1266
1266
1264
1264
1144
1144
1227
1227
1177
1177
1200
1200
1287
1177
1215
1220
1126
1126
1223
1223
1234
1281
1241
1241
1262
1262
1187
1187
1254
1254
1106
1178
1128
1128
1206
1206
1174
1174
1207
1207
1238
1281
1211
1211
1259
1259
1126
1126
1150
1150
1268
1268
1109
1110
1253
1254
1181
1181
1237
1237
1184
1184
1231
1231
1237
1202
1248
1248
1177
1177
1110
1110
1220
1220
1255
1255
1192
1284
1255
1255
1198
1290
1234
1205
1206
1233
1175
1175
1243
1243
1108
1108
1209
1209
1225
1225
1198
1198
1232
1204
1175
1175
1244
1244
1252
1248
1236
1236
1252
1106
1155
1261
1187
1187
1230
1230
1239
1200
1186
1186
1124
1124
1113
1113
1267
1267
1268
1268
1270
1270
1262
1262
1256
1256
1269
1269
1252
1252
1251
1251
1249
1271
1249
1249
1251
1251
1263
1263
1266
1266
1250
1250
1264
1264
1265
1265
1254
1254
1260
1260
1249
1249
1257
1257
1250
1250
1252
1252
1249
1249
1261
1261
1281
1281
1284
1284
1278
1278
1291
1291
1280
1280
1288
1288
1277
1277
1286
1286
1276
1276
1272
1272
1283
1283
1279
1279
1282
1282
1274
1274
1273
1273
1290
1290
1275
1275
1289
1289
1287
1287
1285
1285
1506
1578
1460
1333
1399
1364
51
1595
1454
1355
1558
1349
217
1339
1338
1343
1341
1343
1553
1344
1337
1336
1345
1334
1522
1333
1679
1348
1339
1342
1508
1333
1350
1610
1351
1336
1330
1331
1358
1317
1326
1327
1332
1447
1361
1323
2172
1322
1358
1598
1359
1400
1443
1523
300
1579
1507
2164
1382
1380
1636
1561
1384
1378
1384
1377
1390
1481
1389
1371
1385
1391
1373
1372
1368
1393
1396
1569
1392
1366
1401
1482
1569
1396
1396
1367
1397
1365
1400
1360
1398
1355
1360
1439
1364
1434
1411
2163
134
1420
1424
1420
1488
1589
2166
1425
1419
1426
1427
1417
1427
1429
1514
1535
1490
1414
1535
1529
1535
1571
1412
1435
1409
1439
1408
1443
1406
2181
1404
1439
1405
1440
1560
1442
1446
1538
1403
1446
1318
1313
1319
1318
1322
1525
1509
1312
1456
1619
1531
1451
1313
1455
1312
1537
1309
1310
1309
1462
1307
1456
1454
1457
1305
1460
1304
1459
1303
1506
1303
1461
1301
1302
1462
1301
1383
1738
1521
1509
2160
1453
1458
1460
1314
1441
2170
1415
1433
1437
1438
1395
1316
1369
1402
1445
1535
1415
1353
1355
2179
1314
1340
2158
1433
1417
1600
1357
1305
1584
1380
1382
1360
1662
1530
1530
1463
2160
1432
1431
1416
1416
2165
2158
2156
2156
1374
1387
1449
1527
1423
1423
1536
1394
1362
1362
1504
1425
1425
1595
1300
1392
1391
1520
1329
1441
1441
1550
1508
1683
1308
1335
1532
1444
1444
1346
1346
1335
1335
1352
1329
1341
2158
1463
2157
1320
1468
1417
1513
1514
1578
1363
1363
1324
1324
1311
1311
1325
1539
1317
1318
1421
1420
1308
1308
1338
1338
1384
1376
1515
1388
1423
2156
1458
1458
1303
2168
1394
1394
1386
2161
1315
1315
1377
1510
1434
1434
1329
1328
1449
1313
1540
1373
1367
1519
1436
1436
1354
1354
1398
1398
1422
1422
1452
1452
2175
1512
1325
1325
1407
1407
1321
1321
1528
1352
1379
1379
1534
1534
1466
1549
1386
1386
1448
1448
1437
1437
1305
1530
1446
2182
2157
1506
1358
2184
1343
1344
1540
1534
1382
1747
1347
1405
1406
1356
1356
2164
1515
1472
1471
1528
1539
1497
1574
1418
1418
1409
1401
1577
1327
1327
2186
2176
1527
2180
2159
1381
1370
1370
1503
1594
1349
1349
1369
1369
1564
2178
1542
1410
1320
1320
1509
1619
1404
1720
1536
1533
1485
2158
1505
1430
1529
1410
1410
1376
1375
1539
1444
1429
1486
1372
1372
1388
1388
2159
1507
1431
1431
1450
1449
1543
1527
1523
1534
2183
2186
1364
2177
1366
1366
1375
1375
1451
1451
1550
1553
1306
1306
1413
1413
1381
1381
1632
1515
1583
2167
1455
1455
1881
2161
1533
1300
1300
1412
1412
1580
1531
1402
1402
2183
1404
1498
1502
2178
1491
1331
1331
1554
1469
1351
1351
1532
1474
2161
2181
1470
1525
1347
1347
1570
1607
1390
1390
1428
1428
1520
1473
1516
1428
1526
1467
1527
1528
2166
1501
1653
1495
2163
1592
1475
1538
1525
1646
1819
1477
1493
2174
1615
1585
1519
2184
1469
2165
1586
1506
2157
1602
1483
1617
2184
1511
1509
1476
1731
1465
1517
1541
1531
1540
1605
2172
2172
1474
2185
1616
1596
1524
1662
1603
1467
1466
1654
1512
1512
1496
1496
1543
2177
1611
1500
2159
1503
1594
1340
1505
1814
1529
1601
1422
1504
1526
1526
1513
1516
1467
1488
1573
1541
2179
1751
1646
1593
1500
1517
2160
1558
1522
1522
1470
1470
1511
1511
1479
1479
2173
1490
2181
1480
1499
1499
1524
1483
1518
1486
1475
2162
2162
2160
1545
1508
1528
1501
1504
1521
1521
1547
1466
2174
1537
1748
2176
2176
2180
2180
1501
2169
1561
1585
1520
1520
1510
1510
1596
1722
1608
1618
1598
2175
1557
2187
2187
1650
1484
1492
1492
1503
1503
1680
1599
1740
2172
1537
1580
2167
2167
1478
1478
1483
1523
1523
1552
1628
2173
1490
1484
1484
1464
1590
1583
1494
1494
1501
1634
1559
1499
1556
1531
1666
1546
1582
1463
1506
1476
1476
1623
1609
2182
1592
1688
1588
2178
2171
1496
2170
1690
1591
2163
1489
1651
2164
1496
1518
1518
2168
1740
1542
1604
1593
1563
1529
1538
1517
1517
2183
1687
1625
2174
1673
1552
1746
1674
1487
1487
1562
1587
1682
1739
1625
1549
1474
2175
1599
1598
1489
1489
1589
1718
1519
1519
1577
1578
1752
1746
1802
1565
1648
1744
1670
1566
1563
1544
1544
1583
1546
1569
1775
1558
2176
1678
2177
1643
1614
1614
1548
1548
1770
1695
1572
1572
1617
1551
1553
1669
1594
1660
1665
1587
1762
1610
1660
1567
1602
2184
1614
1568
1594
2165
1595
1591
1592
1662
2178
1608
1756
1741
1737
1576
1575
1723
1733
1593
2171
1739
1724
2162
1594
1573
1592
1613
1613
1565
1565
1661
1581
1581
1612
1612
1595
1689
1621
1544
1611
1622
1763
1555
1597
1597
2185
1600
1630
1554
1563
1637
1749
1623
1549
1657
1606
1619
1726
1669
1643
1732
2179
1611
1626
1627
1555
1555
1751
1645
2169
2166
1604
1604
1585
1878
1761
1605
1605
1575
1575
1865
1663
2186
1610
2163
1592
1858
1691
1758
1631
2187
1641
1652
1656
1755
2167
1595
1602
1740
1745
1670
1651
1653
1752
1677
1677
1652
1659
1671
1671
1640
1730
1672
1672
1680
1680
1649
1667
1624
1663
1760
1647
1675
1675
1749
1747
1639
1638
1810
1711
1591
1688
1676
1676
1657
1663
1628
1763
1706
1633
1728
1651
1682
1682
1837
1843
1668
1668
1754
1744
1696
1810
1762
1637
1586
1690
1629
1701
1735
1657
1667
1667
1658
1658
1655
1620
1715
1658
1699
1703
1633
1633
1820
1670
1669
1722
1687
1687
1625
1723
1642
1734
1686
1686
1733
1754
1761
1655
1585
1691
1684
1684
1775
1715
1760
1760
1722
1769
1638
1638
1825
1711
1681
1681
1629
1629
1835
1735
1679
1679
1685
1685
1678
1678
1642
1642
1647
1647
1694
1818
1673
1673
1674
1674
1584
1689
1664
1664
1700
1743
1734
1713
1644
1644
1635
1635
1620
1620
1864
1801
1735
1879
1778
1721
1683
1683
1794
1699
1712
1734
1710
1762
1753
1753
1759
1759
1705
1698
1738
1752
1692
1761
1757
1757
1762
1762
1703
1849
1736
1755
1754
1821
1743
1809
1704
1704
1695
1733
1789
1755
1804
1751
1760
1760
1747
1737
1758
1702
1788
1707
1804
1718
1861
1745
1776
1781
1788
1786
1839
1782
1772
1882
1763
1701
1869
1756
1748
1811
1774
1749
1797
1777
1818
1716
1791
1787
1786
1902
1742
1742
1729
1729
1702
1889
1725
1725
1761
1761
1727
1727
1879
1764
1697
1697
1815
1777
1763
1763
1750
1750
1807
1835
1852
1808
1813
1794
1814
1888
1741
1741
1693
1693
1714
1714
1716
1716
1707
1707
1709
1709
1818
1739
1698
1698
1829
1864
1769
1829
1708
1708
1719
1719
1784
1833
1796
1797
1717
1717
1775
1780
1813
1877
1821
1805
1705
1705
1812
1798
1872
1823
1808
1887
1803
1876
1926
1790
1811
1924
1784
1893
1880
1848
1794
1875
1822
1822
1785
1785
1815
1891
1780
1771
1884
1890
1806
1820
1816
1816
1767
1765
1832
1883
1799
1799
1819
1825
1783
1783
1830
1791
1826
1826
1831
1766
1837
1858
1853
1853
1805
1823
1817
1845
1847
1871
1800
1800
1798
1798
1881
1768
1803
1803
1809
1809
1768
1768
1806
1806
1804
1943
1773
1773
1851
1976
1766
1766
1786
1788
1793
1793
1817
1817
1779
1929
1779
1781
1840
1781
1949
1830
1867
1868
1981
1878
1860
1859
1824
1824
1774
1774
1874
1877
1969
1886
1827
1827
1953
1849
1796
1796
1769
1934
1858
1990
1812
1812
1838
1903
1795
1795
1792
1870
2013
1836
1792
1792
1874
1883
1843
1842
1945
1891
1960
1982
1885
1885
1856
1855
1889
1857
1873
1873
1882
1882
1872
1905
1880
1872
1899
1854
1888
1853
1989
1950
1855
1984
1979
1912
1869
1876
1835
1838
1869
1945
1945
1906
1886
1875
1843
1988
1862
1926
1977
1897
1915
1877
1868
1868
1963
1841
1886
1917
1913
1871
1850
1904
1932
1963
1834
1834
1863
1865
1981
1982
1980
1914
1857
1857
1866
1866
1927
1919
1933
1886
1966
1978
1916
1933
1865
1890
1861
1861
1846
1846
1946
2015
1854
1854
1871
1980
1923
1863
1909
1923
1904
1965
1863
1947
1891
1891
1847
1905
1887
1887
1931
1912
1884
1884
1832
1832
1907
1908
1844
1844
1842
1842
1951
1895
1909
1975
1828
1828
1925
1926
1848
1848
1954
1893
1941
1941
1980
1974
1947
1947
1940
1940
1941
1953
1995
1938
1991
1936
1976
1915
1894
1894
1939
1939
1937
1992
1986
1970
1943
1943
1968
1903
1990
1921
1910
1910
1935
1946
1937
1937
1900
1956
1985
1979
1911
1958
1942
1942
1925
1925
1911
1905
1988
1921
1954
1927
1944
1944
1950
2017
1920
1920
2141
1974
1918
1918
2026
1987
1930
1930
1896
1896
1922
1922
1898
1898
1938
1938
1983
1978
1928
1928
1967
2043
1936
1936
1961
2037
1961
1911
1901
1901
1946
1946
1977
1952
1899
1899
1944
1944
1962
2034
1960
1964
1919
1919
2064
1959
1935
1935
1913
1913
1892
1892
1972
1972
1971
1971
1966
1983
1973
1973
1985
1985
1974
1991
2022
2020
1955
1950
1987
1969
1979
2038
2021
1970
1969
2015
2027
2027
2026
1995
2006
1948
1986
1986
1967
1967
2027
1966
1958
2049
2036
1975
1988
2017
1957
1956
2023
2023
1958
2003
2008
1949
2045
1968
1975
2053
2002
1953
2026
2024
2025
2023
1984
1984
1989
1968
2001
2000
2030
2028
1996
1997
2040
2036
2052
2014
2044
2007
1994
2005
2004
2154
2017
2043
1999
2012
1965
1965
2041
2014
2021
2021
1998
2037
2012
2012
2024
2024
2036
2040
2018
2018
2019
2019
2016
2016
2002
2003
2025
2025
2015
2155
2022
2022
2047
2039
2153
2078
2152
1993
2020
2020
2013
2013
1993
1997
2018
2050
2055
2055
2059
2136
2053
2049
2038
2033
2062
2129
2076
2081
2068
2060
2188
2061
1999
1999
2169
2029
1993
1993
2031
2107
2142
2048
2011
2011
2010
2010
2009
2009
1996
2054
2041
2168
2045
2042
2051
2171
2050
2050
2111
2044
2039
2039
2066
2032
2143
2067
2047
2047
2053
2132
2151
2080
2037
2170
2042
2042
2037
2068
2109
2140
2052
2052
2038
2034
2147
2035
2046
2046
2154
2137
2141
2145
2038
2137
2029
2132
2051
2051
2035
2035
2036
2067
2146
2142
2144
2148
2136
2049
2054
2054
2048
2048
2134
2065
2078
2130
2144
2132
2109
2131
2152
2003
2135
2131
2069
2069
2189
2129
2135
2135
2063
2147
2144
2134
2153
2147
2070
2070
2131
2136
2138
2142
2148
2154
2129
2133
2133
2130
2144
2107
2138
2130
2123
2096
2142
2098
2151
2134
2139
2137
2137
2190
2133
2155
2140
2147
2153
2102
2116
2155
2121
2111
2094
2092
2103
2154
2106
2093
2095
2113
2115
2120
2120
2105
2114
2121
2104
2123
2103
2152
2099
2112
2097
2105
2096
2101
2107
2151
2100
2100
2127
2121
2108
2108
2118
2126
2098
2113
2124
2122
2118
2119
2110
2110
2120
2126
2122
2122
2123
2125
2115
2127
2125
2124
2121
2121
2117
2117
2149
2126
2125
2128
2122
2122
2124
2119
2128
2127
2123
2123
2120
2120
2149
2150
2124
2124
2125
2125
2126
2126
2127
2127
2150
2128
2139
2139
2168
2168
2130
2130
2134
2134
2169
2169
2190
2170
2170
2144
2144
2135
2135
2155
2155
2171
2171
2077
2189
2138
2138
2108
2151
2151
2149
2149
2142
2142
2140
2140
2133
2133
2153
2153
2129
2129
2141
2141
2147
2147
2131
2131
2110
2154
2137
2137
2136
2136
2132
2132
1999
2188
2150
2150
949
387
476
766
231
210
82
1069
667
717
657
435
190
119
193
278
641
326
237
242
321
276
246
155
592
322
506
154
557
331
345
543
335
328
342
47
44
329
34
107
110
199
203
723
67
161
200
209
15
167
214
169
169
373
173
374
172
171
376
170
371
56
57
949
671
666
59
393
63
62
659
662
658
654
67
646
844
194
72
398
74
629
80
632
405
629
83
84
90
89
411
222
219
85
88
82
179
868
744
177
228
294
181
649
614
187
72
238
243
268
269
594
243
245
250
252
251
863
256
453
255
833
450
779
251
308
584
260
305
584
252
275
270
764
273
552
553
324
477
324
95
101
543
1056
5
2
481
540
488
486
136
137
136
536
8
166
8
208
9
10
6
21
851
207
497
163
13
17
210
162
15
69
501
366
21
159
507
202
66
507
162
24
22
159
23
515
695
505
514
109
29
358
362
357
154
601
105
152
32
475
112
38
517
35
356
526
521
102
146
148
37
148
39
146
41
44
151
43
323
348
98
96
49
526
142
143
139
834
141
49
139
533
51
348
483
94
330
95
326
101
104
803
191
276
560
113
115
469
116
319
116
558
316
120
266
121
316
594
599
570
313
466
124
306
125
438
311
310
462
254
463
309
130
309
459
308
772
307
134
458
134
249
259
248
447
263
264
274
240
434
899
429
396
286
281
73
192
233
988
232
615
185
613
231
613
611
288
296
615
229
290
756
79
425
183
631
423
624
623
296
419
297
617
299
222
223
420
300
633
630
407
906
189
642
186
189
58
215
463
789
344
677
540
539
639
639
420
298
367
370
691
519
325
478
155
363
703
10
63
665
399
196
157
157
427
291
551
328
54
381
191
642
30
518
140
142
245
264
102
100
98
848
25
510
214
216
19
502
321
1028
345
535
183
401
253
580
248
443
57
383
131
131
279
282
671
59
864
307
16
501
126
572
267
899
572
127
352
145
365
19
1100
322
45
530
462
128
262
587
818
511
516
522
609
283
263
590
488
339
29
30
238
762
525
144
23
24
479
547
364
158
65
204
503
502
31
516
781
303
500
494
983
224
415
415
648
71
562
117
36
819
91
538
652
70
135
135
85
86
564
118
26
511
11
940
65
391
496
496
391
654
114
562
569
122
274
998
265
591
55
493
108
109
193
194
233
285
663
717
610
430
227
618
579
461
287
288
38
39
216
383
669
213
50
535
364
891
47
531
75
76
165
166
156
360
380
709
320
470
14
499
304
305
83
630
304
301
132
579
1093
782
428
620
567
314
464
464
347
528
431
235
368
372
447
585
4
457
368
165
186
75
444
442
667
211
525
352
504
891
563
318
153
519
1204
475
299
1131
160
161
335
333
249
247
184
638
466
468
527
350
108
554
104
105
282
432
130
790
371
494
471
472
254
255
217
381
327
479
736
80
491
336
201
202
236
433
646
647
474
112
208
658
269
270
333
812
87
88
150
522
1294
391
409
87
149
353
240
242
605
280
629
400
3
739
330
1157
27
512
1142
448
332
332
301
1
92
539
302
454
334
486
603
278
199
201
317
318
571
464
33
518
479
552
100
805
665
670
55
52
506
366
247
590
401
399
573
788
378
379
175
632
20
505
547
548
414
828
289
290
261
262
198
845
724
652
423
861
582
782
259
260
523
687
280
607
40
41
451
455
42
43
344
488
401
77
354
1052
151
152
809
341
420
224
555
475
35
520
569
466
52
7
495
494
595
440
458
581
12
13
293
294
490
675
257
583
197
651
178
179
773
587
106
107
348
349
78
79
28
513
633
406
383
171
385
715
61
62
267
268
435
604
97
544
277
603
234
235
195
196
395
71
103
550
46
531
315
467
603
770
164
368
121
122
258
584
337
489
843
356
133
580
99
546
77
78
338
339
239
436
377
378
0
219
433
841
842
602
608
607
68
69
48
533
450
451
626
418
129
576
285
286
679
487
776
441
961
651
719
656
205
206
174
628
212
666
53
378
225
422
641
1293
346
344
346
534
530
534
671
669
644
965
64
389
147
351
374
379
485
539
483
481
426
754
138
342
241
438
123
124
111
558
118
119
292
293
220
417
81
406
469
1027
408
969
229
427
749
626
655
725
271
597
359
515
272
598
453
454
206
207
840
467
114
471
635
634
176
177
425
909
188
642
18
503
1205
400
766
437
524
911
127
128
312
313
60
61
413
421
485
541
654
660
1059
892
430
1298
561
565
416
415
626
625
860
832
538
483
230
427
182
636
521
358
589
444
168
372
640
402
605
601
221
418
93
94
284
610
801
796
244
441
218
674
413
740
295
621
668
385
180
181
226
227
720
390
774
441
707
372
759
429
527
685
639
734
1024
468
354
521
536
343
377
375
486
542
767
1228
349
599
998
609
758
600
1200
510
851
449
583
865
665
1097
570
721
388
634
736
764
439
1102
693
341
489
357
693
417
746
614
853
707
705
867
480
404
636
581
454
532
679
360
513
568
573
1295
792
412
742
410
628
367
699
713
836
409
410
597
1297
462
578
881
881
431
432
790
786
903
556
393
392
667
956
744
627
894
732
374
493
874
448
450
478
474
437
1239
513
898
885
664
887
825
452
780
386
387
499
502
620
1074
381
380
591
887
815
679
775
869
455
838
854
532
770
593
382
713
465
790
517
901
376
710
551
1242
470
794
395
653
550
549
436
764
643
645
823
794
481
545
1078
577
819
919
611
1298
440
769
446
447
747
752
1080
472
353
924
557
558
1290
808
586
869
340
814
492
713
1027
564
537
871
559
1056
968
733
360
695
596
895
406
407
881
972
683
683
637
638
952
657
365
364
750
890
788
905
650
396
538
676
350
921
658
957
1000
597
646
1073
689
691
850
1099
818
696
866
1114
811
813
992
827
847
512
1299
554
592
904
621
1101
659
831
562
797
701
704
817
705
417
745
403
404
849
575
411
412
456
458
566
872
1165
770
363
361
727
397
728
688
1215
1107
916
1296
1296
1234
897
560
896
443
771
692
1082
1292
523
870
623
802
477
707
705
962
730
809
546
1035
888
644
1297
599
784
460
582
4
419
975
362
1050
624
753
347
681
1076
911
761
1083
398
729
482
807
414
745
618
754
389
720
722
1070
900
763
3
627
497
817
5
537
791
1151
618
619
935
699
688
920
714
714
1156
821
434
762
805
1036
341
837
576
577
701
908
1044
677
802
801
622
1288
355
689
757
896
797
500
935
943
865
460
461
1293
644
835
628
853
723
725
1014
777
490
815
693
1202
509
1102
759
992
730
897
588
1291
529
530
781
1093
784
862
864
784
1041
859
1158
1044
950
715
779
780
473
798
833
824
902
725
484
809
566
1295
394
395
801
1100
709
711
574
575
748
980
384
385
649
650
740
829
351
685
1073
735
822
802
6
492
369
370
617
616
680
871
544
545
794
567
424
425
742
1130
680
1162
827
879
661
893
902
726
606
607
895
1140
508
696
1034
800
445
446
755
1231
422
423
1127
967
870
983
695
697
975
1067
663
850
498
1289
1292
873
598
917
915
808
1042
1007
775
786
849
748
743
780
838
1141
1002
815
676
724
726
733
767
1000
793
814
1046
819
728
844
720
719
840
1026
1085
1158
683
1243
1001
771
994
1138
882
754
1146
778
874
874
689
922
1056
1038
901
1237
826
1062
612
990
1104
677
553
1224
746
1134
872
1295
730
964
800
719
910
731
894
1043
1042
873
927
752
985
812
813
930
931
965
732
746
839
729
963
820
1054
1015
1017
1075
805
825
1016
583
1011
792
1024
706
941
934
697
1094
832
738
868
777
1008
1221
955
718
952
1156
807
740
857
988
990
861
753
691
692
1226
793
1089
1187
910
956
1004
772
854
688
1091
1011
886
1020
970
1073
964
966
799
799
804
1036
698
933
1095
1047
980
1130
880
935
881
974
816
712
741
742
941
1114
798
1151
795
1027
1063
997
783
1015
712
710
749
982
1051
931
984
984
845
1124
1006
1241
843
1201
686
921
685
1107
710
836
768
769
948
1048
791
1021
687
922
757
758
773
774
810
811
1094
947
702
1072
807
883
678
913
788
1172
892
1023
1084
1014
937
937
1137
994
716
717
777
1009
750
983
1033
831
1099
1098
966
682
917
858
939
756
989
977
1132
1227
1077
1164
1097
806
1038
1030
1032
1078
905
981
981
884
1076
760
993
996
899
1062
1079
938
1244
761
762
968
967
694
929
909
990
724
957
690
925
846
896
735
1171
765
766
703
704
1230
738
898
1111
708
944
1298
993
907
1037
830
1068
1015
1145
734
968
979
980
850
954
942
943
737
971
1084
1009
796
797
1090
950
948
942
860
1121
947
946
1043
1087
700
701
721
722
1040
1039
977
976
681
682
1248
912
932
931
997
1239
1050
1229
1062
1216
1096
1168
1030
1031
991
1136
945
1118
787
1019
739
973
1232
1031
862
1019
751
752
785
1017
684
919
1225
1061
841
994
913
820
904
1003
961
1081
1123
958
1103
1001
1086
1116
1021
849
1110
843
1046
1159
1147
1018
1022
1023
1119
816
1117
944
1153
1154
1170
938
880
939
957
1070
1088
1189
883
1041
1181
1012
1112
1051
1112
933
854
1053
1269
1147
1048
1119
855
1079
824
1060
927
928
1010
1011
866
880
955
893
1065
1064
952
953
1159
1045
1256
1135
986
987
1021
1020
1028
1029
852
906
999
999
887
1007
821
1044
894
1230
985
986
856
871
1158
1180
511
929
1038
1219
1040
1075
1178
914
996
841
834
1180
848
888
1035
1154
1048
1183
1060
1149
1183
1090
1068
1127
1135
1245
989
890
895
1225
556
1057
1232
1029
1018
1172
1144
1182
936
1170
829
976
1130
1185
1058
1025
1048
1120
835
1185
1064
1212
601
1063
1049
1179
1049
1179
1057
1153
959
1203
1097
1222
1001
1216
982
1132
959
960
1099
1221
1107
916
951
1246
1173
1193
967
1218
1231
1065
1227
1071
1182
1143
954
955
975
1128
1140
1139
1240
1197
1052
923
1210
1069
992
1212
963
963
1006
1079
889
1228
1066
828
1251
1182
916
1194
973
1240
1058
1151
1195
1066
879
1064
961
962
933
1217
1133
1089
1205
1125
1025
1222
978
1131
925
926
1146
1145
1147
1148
929
930
1049
1115
988
989
1111
847
1162
1270
1129
1067
1201
1109
924
1215
1191
1116
1172
1247
1184
1086
867
883
1125
844
1152
840
1009
1199
919
918
923
1220
1035
1219
1004
1165
1055
1176
1153
846
1143
1061
1072
938
1085
1159
995
1138
1248
1105
1037
1167
1134
1133
970
1171
1139
842
1105
1106
1203
1123
1050
1217
1164
1150
979
980
1047
912
1168
1108
1088
1189
1013
1014
1186
1188
1253
1145
1255
946
1271
1258
1160
1146
1050
1113
1136
1169
1259
1268
1122
1166
1068
1127
1091
1190
1062
1141
1117
1191
1087
1188
1163
1132
1104
1105
1161
1118
1056
1155
1081
1238
862
1192
971
972
1142
1199
1083
1236
861
1195
1072
1229
860
1193
1022
1226
1005
1006
1082
1235
1075
1224
1080
1233
1077
953
987
1074
1156
1198
920
1228
1114
1196
1197
1128
856
1194
1498
1527
96
16
282
193
91
1498
1453
1354
1525
1348
8
10
11
213
215
214
1522
213
13
14
212
16
1334
17
1684
209
11
215
1348
1332
207
2177
1350
13
20
1330
198
1316
24
1326
18
109
196
27
1367
28
1357
1476
198
1399
113
1387
174
1527
2159
1378
298
177
1562
1562
297
179
1383
180
1389
1388
292
186
296
290
183
1371
189
288
1395
1524
289
190
1400
1397
1568
284
285
190
284
192
281
196
282
201
1359
1438
1363
121
270
1424
257
260
132
1419
1427
1573
1419
130
262
130
129
264
1426
127
1413
1413
1438
267
1542
1433
1412
1486
268
121
272
116
273
1442
274
1482
277
117
275
116
2172
114
110
1435
278
1445
31
1312
31
32
27
1475
1530
38
99
2180
1310
104
37
100
1311
1451
41
40
40
94
43
100
102
99
45
95
46
97
47
1502
1302
95
48
48
1461
49
298
1674
1457
1455
1302
103
97
1459
35
114
2006
266
123
118
118
286
34
187
278
111
1411
1414
204
202
1313
36
10
8
1432
1416
2185
200
1304
2160
1379
299
197
1668
1453
1452
93
1301
124
1430
265
1415
1471
9
257
134
183
294
107
1491
133
2156
1394
1393
195
1361
1422
131
1424
2167
2157
288
289
1345
21
115
1440
2175
1473
1531
1307
15
1330
111
1443
211
1345
1334
14
205
1328
216
216
1462
91
1319
1321
263
1430
1414
1491
194
1362
26
1323
39
1310
24
1327
33
1317
260
261
42
41
12
1337
296
180
1389
1387
132
258
98
1457
46
2046
287
286
294
1385
35
34
179
1373
122
1433
20
22
1448
36
1368
184
189
1377
120
1435
203
1353
283
1397
259
1421
104
103
1325
1332
25
1324
274
273
29
28
1350
204
178
1378
1515
1393
1315
1468
295
1385
108
1447
119
1436
44
1537
109
1316
51
1463
199
1322
1342
212
1370
1392
2159
1737
1346
276
275
201
200
1380
1481
1344
1336
1351
1329
1423
1488
263
262
1408
280
1538
23
22
1406
1409
1444
1446
300
175
187
186
1341
1499
208
207
188
1368
1480
1395
1410
270
30
29
1454
1597
276
1688
1393
1371
1406
217
1340
126
1513
271
1409
181
181
1328
112
126
1514
185
184
293
292
174
1381
125
124
106
106
1352
1443
1388
1391
1439
1404
192
1354
191
1365
182
1374
105
1450
1609
1551
44
43
268
267
176
1380
1600
1390
1521
1462
101
1454
1822
1384
1370
50
49
269
1411
2174
1311
279
1401
1441
1403
1462
1300
1536
1441
19
18
1586
1325
206
205
1329
1357
1383
1399
1334
1360
210
209
2176
2173
291
290
128
1427
1472
1347
1428
127
1319
1319
1442
1352
1487
2166
1606
1459
1497
2166
2185
1434
1361
1572
1635
1365
1447
1493
1474
2161
1376
1468
1324
1337
2162
1300
92
2181
2181
2184
1324
1308
1456
1525
1659
1306
1305
1311
1511
1369
2172
1366
1477
1356
1357
2186
2186
1402
1602
2182
2182
2179
1582
1331
1532
1507
1382
1353
1543
2179
1380
175
1499
2165
9
2158
1751
1432
2183
258
2156
1320
1321
1431
1427
1318
1426
1571
1312
1541
1736
1571
2164
1381
1306
1502
1600
1335
1336
1333
1512
1307
1465
1377
1378
1437
1439
1398
1385
1339
1340
1401
1401
1417
1415
1359
1342
1344
1303
1517
1349
1508
1422
1423
1458
1459
1541
1316
1448
2174
1621
1407
1485
1445
1447
1421
2047
1478
1593
1346
1347
1372
1533
1484
1723
2178
2187
2187
1327
1543
1363
1365
1578
1524
1444
1445
1342
1505
1534
2184
1757
1368
1450
1606
1460
1495
1374
1510
1400
1386
1480
1512
1627
1436
2173
1403
1404
1303
1495
1495
1456
1457
1504
1559
1525
2165
1473
1309
1619
1545
1509
92
2157
1362
1363
1624
1469
1317
1497
1591
1471
1397
2032
1383
2045
1586
2163
1426
1516
1661
1379
1500
1416
1486
2009
1682
1409
2176
1496
1519
1434
1436
1304
1464
1440
1672
1623
1449
1532
1470
1686
1533
1418
1518
1510
2164
1676
1748
1599
1526
2177
1326
1468
1559
1429
1430
1487
1646
1375
1478
2173
1601
1674
1562
1741
1481
1575
1648
1631
1481
1561
1584
1517
1581
1465
1484
1707
1475
1408
1685
1355
1596
1490
1607
1467
1603
1731
1624
1514
1486
1469
1470
1471
1609
1588
1615
1618
1479
1710
1557
1600
1536
1613
1323
2183
1483
1503
1338
2160
1488
1501
1613
1396
1567
1567
1680
1673
1489
1489
1724
1661
1500
2008
1675
1661
1343
2162
1518
1589
1482
1608
1523
1564
1614
1494
1582
1466
2182
1502
1584
1545
1464
1466
1547
1701
1473
1492
1579
1358
1615
1555
1472
1479
1636
1630
1548
1548
1652
1493
1493
1666
1617
1569
1670
1314
1547
1609
1552
1520
1554
1687
1571
2007
1420
1485
1616
1480
1726
1692
1477
1618
1516
1574
1812
1612
1405
1474
1425
2163
1796
1585
1557
1557
1364
1602
1650
1596
1570
1461
1590
1483
1676
1682
1610
1601
1666
1560
1534
1536
1579
1599
1611
1622
1567
1658
1542
1570
1515
1566
1577
1614
1603
1603
1688
1688
1531
1541
1684
1552
1565
1691
1746
1638
1589
1589
1537
1580
1597
1671
1551
1588
1633
1559
1656
1578
1530
1509
1773
1782
1608
1640
1577
1576
1623
1636
1587
1561
1588
1588
1690
1690
1671
1619
1607
1649
1598
1634
1654
1689
1642
1618
1731
1670
1558
1632
1626
1615
1659
1652
1535
1514
1549
1651
1641
1662
1533
1510
1667
1678
1590
1581
1587
1587
1508
1556
1773
1713
1720
1589
1650
1698
1564
1565
1710
1710
1532
1512
1554
1555
1772
1663
1528
1543
1513
1576
1529
1538
1568
1569
1574
1575
1622
1726
1539
1550
1540
1560
1590
1590
1616
1656
1627
1679
1668
1641
1604
1664
1605
1665
1544
1545
1866
1757
1694
1721
1712
1649
1511
1546
1820
1669
1640
1712
1691
1691
1547
1675
1626
1550
1632
1696
1686
1635
1689
1689
1580
1653
1563
1637
1631
1788
1672
1672
1742
1754
1684
1749
1632
1633
1623
1721
1733
1644
1742
1572
1573
1645
1681
1759
1679
1701
1724
1706
1744
1645
1822
1582
1707
1734
1789
1722
1776
1715
1705
1819
1690
1700
1815
1677
1546
1693
1771
1556
1752
1730
1757
1715
1729
1723
1725
1840
1685
1744
1657
1666
1629
1700
1652
1657
1583
1655
1654
1655
1821
1694
1663
1624
1711
1776
1553
1628
1566
1639
1749
1773
1793
1648
1627
1759
1646
1718
1677
1750
1620
1692
1662
1641
1643
1656
1634
1658
1636
1637
1653
1683
1625
1659
1768
1801
1767
1765
1665
1730
1647
1720
1728
1769
1797
1819
1664
1728
1706
1713
1747
1699
1649
1742
1660
1732
1654
1799
1805
1717
1719
1888
1741
1712
1866
1725
1621
1866
1783
1829
1717
1847
1737
1807
1753
1622
1721
1733
1639
1825
1715
1703
1890
1812
1807
1699
1631
1758
1696
1697
1831
1816
1748
1811
1708
1709
1716
1782
1766
1790
1727
1692
1766
1765
1775
1797
1852
1814
1754
1644
1640
1783
1787
1804
1740
1801
1739
1753
1694
1764
1750
1815
1630
1702
1735
1697
1743
1758
1808
1880
1704
1772
1790
1874
1695
1696
1787
1723
1755
1823
1756
1802
1713
1868
1714
1714
1778
1778
1948
1765
1803
1817
1864
1791
1819
1796
1700
1701
1732
1705
1807
1770
1833
1702
1718
1720
1898
1850
1738
1746
1731
1873
1860
1922
1745
1800
1775
1842
1737
1747
1793
1804
1968
1774
1736
1751
1806
1703
1780
1779
1859
1709
1911
1862
1711
1825
1794
1820
1813
1813
1806
1816
1708
1777
1870
1904
1784
1821
1898
1793
1814
1792
1920
1895
1794
1933
1931
1854
1803
1817
1836
1776
1885
1885
1891
1844
1824
1809
1841
1940
1799
1878
1915
1834
1855
1820
1802
1867
1911
1779
1809
1856
1944
1808
1789
1841
1872
1909
1771
1774
1799
1864
1924
1923
1912
1880
1795
1856
1818
1878
1868
1945
1873
1889
1919
1867
1877
1874
1800
1727
1798
1862
1785
1789
1886
1897
1823
1880
1887
1913
1863
1811
1849
1947
1903
1935
1884
1884
1810
1859
1849
1843
1719
1827
1871
1914
1693
1826
1767
1769
1846
1847
1782
1783
1781
1840
1895
1831
1847
1942
1764
1768
1947
1940
1786
1790
1899
1830
1833
1770
1852
1845
1865
1890
1791
1851
1877
1952
1953
1771
1914
1785
1935
1916
1830
1831
1777
1839
1778
1948
1927
1840
1845
1784
1839
1902
1921
1861
1848
1908
1917
1889
1876
1929
1837
1902
1930
1964
1850
1957
1881
1764
1864
1865
1907
1844
1926
1881
1900
1867
1853
1888
1894
1910
1882
1939
2070
1906
1860
1920
1976
1916
1870
1872
1832
1895
1862
1861
1836
1897
1883
1934
1858
1928
1869
1945
1923
1990
1879
1932
1908
2021
1909
1849
1838
1900
1857
1917
1856
1897
1835
1837
1887
1871
1908
2014
1907
1913
1858
1859
2033
1905
1875
1946
1852
1853
1828
1829
1851
1910
1834
1938
1928
1918
1846
1936
1932
1936
1943
1943
1967
1981
1900
1949
1941
1941
1870
1964
1983
1937
1896
1971
1978
1966
1965
1952
1986
1892
1929
1937
1925
1981
1927
1983
1904
1959
2020
1990
1972
1962
1903
1903
1991
1980
1905
1963
1972
1893
2027
1901
1828
1960
2003
1899
1933
1977
1964
1912
1934
1938
1939
1939
1960
1958
2006
2013
1953
1996
2008
2040
1952
1906
2005
1984
1950
1969
1968
1999
1972
2022
1958
1969
1917
1977
1991
1959
1918
1989
1956
1966
1951
1896
1987
1915
1967
1988
1970
1902
1892
1975
1973
1907
1961
2001
1930
1979
2007
1993
1982
1922
1984
2024
2003
2105
2082
2057
1924
1988
1955
1901
1992
1954
2006
1997
2019
1948
2050
2049
2016
2000
2023
2009
2031
2091
2106
2104
2037
2048
1998
2030
1957
1998
2031
2012
1949
1950
2007
2075
2060
1994
1990
1975
1974
2014
1985
1973
1997
1956
2010
2033
1986
2028
2002
2143
1955
2013
2079
1987
2044
1965
2035
2017
2063
2036
2039
2026
2033
2087
2152
2081
2042
2030
1989
2004
2027
2042
2077
2063
2015
2031
2025
2010
2140
2043
2025
1985
2058
2065
2065
2033
2041
2145
2005
2062
1962
2017
2011
2019
2022
2040
2031
2146
2148
2030
2090
2014
2018
2030
1951
2012
2050
2049
2057
2061
2068
2075
2073
2089
1997
2056
2085
2064
2044
2039
2056
2066
2060
2048
2051
2035
2059
2084
2077
2066
2041
2038
2189
2065
2146
2138
2061
2000
2190
2051
2088
2086
2139
2083
2085
2188
2099
2079
2069
2077
1996
2059
2061
2141
2090
2057
2063
2072
2066
2143
2073
2078
2094
2079
2096
2072
2081
2076
2081
2071
2089
2078
2083
2112
2093
2089
2097
2078
2102
2107
2086
2086
2104
2074
2095
2100
2094
2091
2093
2083
2087
2083
2076
2106
2096
2111
2099
2074
2119
2116
2092
2092
2098
2109
2095
2101
2097
2071
2106
2097
2098
2105
2104
2099
2114
2115
2118
2113
2085
2087
2103
2094
2117
2120
2123
2114
2088
2091
2122
2150
2113
2121
2084
2108
2090
2110
2116
2149
2102
2114
2103
2117
2100
2112
2101
2119
2119
2115
2084
2086
2145
2070
2054
1998
1997
2074
2146
2069
1992
2148
2068
2028
2042
1994
2072
2057
1994
2067
2040
2076
2001
2062
2087
2082
1995
2075
2112
2113
2029
2044
2088
2091
2002
2073
2056
2002
2055
1992
2034
2041
2043
2067
2053
2001
2080
2080
2064
2089
2000
2071
2052
1995
2058
2058
2118
2117
