63
1127
1375
942
972
47
95
2065
1103
507
1217
1362
876
899
296
669
866
352
289
645
536
243
397
194
1252
421
187
580
1186
234
848
142
588
614
1227
800
215
146
351
769
28
670
10
1394
178
587
73
506
538
60
384
52
980
1063
826
882
58
779
1152
55
606
369
398
1925
404
682
405
1101
358
783
1256
1478
1230
489
44
624
1537
503
106
1330
691
648
617
697
1050
1082
542
640
462
702
1270
986
829
87
635
904
765
1616
1105
933
313
757
1005
1448
302
16
465
440
19
785
109
1145
108
994
562
130
124
2227
922
1124
611
1428
840
1424
114
275
1042
717
541
126
116
195
631
1051
258
679
1568
218
1302
137
237
680
1188
1558
1348
437
1168
342
849
1028
152
737
474
1024
160
531
154
628
459
357
1458
174
1847
925
1346
348
755
387
5
180
48
837
458
687
698
183
179
621
485
428
45
445
176
449
182
188
1205
576
1118
501
774
1057
1320
1057
27
985
601
735
202
741
627
210
1150
742
815
442
1023
378
417
211
637
880
517
208
723
217
636
727
199
233
380
31
838
205
375
556
890
1978
390
222
226
1071
153
1324
971
989
652
235
17
141
798
1309
370
131
1291
244
491
906
250
608
246
1187
256
552
24
253
802
111
1033
1046
949
745
895
279
414
3
338
268
424
394
693
273
604
125
1314
277
1640
407
816
752
278
590
810
396
1179
434
285
494
824
1362
413
1015
1225
847
721
79
75
504
2110
291
1061
345
1175
4
302
508
515
1000
300
910
705
1746
773
934
974
97
712
1322
1300
307
1318
318
1462
584
91
326
346
842
776
648
1209
1953
335
866
568
936
399
520
270
1704
869
1373
885
970
1215
1018
738
317
1083
1461
1237
581
138
1114
23
1278
1790
158
69
682
1306
795
532
362
911
322
1154
33
883
613
12
333
439
1150
340
228
113
286
239
818
788
1980
383
1039
521
337
419
453
20
1950
30
871
314
730
122
512
688
1293
61
519
401
272
646
294
874
336
1864
263
409
172
692
674
254
1767
411
410
575
771
1218
938
1439
388
423
872
1091
947
707
767
1240
1401
919
1023
1035
432
426
689
148
823
190
438
18
1773
944
770
184
444
678
1308
1219
192
484
629
453
1129
455
430
1412
725
1383
749
2034
739
965
1334
76
797
1258
478
206
1172
471
970
711
796
475
145
93
90
1197
467
481
429
487
1670
878
639
1242
486
1009
956
928
466
1075
809
134
1117
497
1134
684
969
598
500
14
502
299
990
1504
1732
1035
960
1007
1336
1415
1388
304
514
201
516
385
778
875
572
523
391
448
577
35
872
569
393
567
530
533
1204
1133
1440
609
1156
539
1128
544
540
6
329
457
660
547
512
1425
715
311
1130
1469
261
270
554
1324
1142
1095
793
566
606
284
129
1317
549
1083
806
301
80
979
1144
8
359
442
1452
1040
162
466
673
193
814
2147
626
347
1944
524
586
666
658
283
22
593
1215
1148
1021
1016
1228
39
1251
240
600
403
1096
844
1097
1064
1110
929
1183
269
610
64
1132
615
446
1647
312
1398
729
671
620
623
830
940
624
1115
896
163
72
110
630
589
1587
641
634
732
431
1341
488
1087
477
643
1184
288
892
984
402
85
941
1344
1860
37
1828
655
1249
2135
1112
659
29
661
118
663
885
665
1070
667
149
804
790
708
46
247
672
959
555
677
373
353
366
379
1364
1044
875
368
746
26
418
591
978
649
360
1076
1222
1026
1086
81
315
699
187
447
700
1334
2075
308
704
427
706
472
1480
1527
1430
1495
1629
1429
1396
282
716
1298
1705
647
835
574
722
841
1140
596
726
1025
436
690
529
1022
1692
216
734
1307
1055
320
325
599
583
38
581
492
594
747
54
749
607
257
1176
1273
1069
164
754
901
756
1398
823
761
1042
763
853
83
764
1709
1190
136
768
219
1032
821
772
775
1118
1626
84
1146
59
1003
1423
951
782
412
784
11
668
789
1466
791
668
558
792
103
794
1158
473
799
1160
801
527
803
927
833
1177
807
560
255
808
811
129
813
1056
1691
1378
817
395
819
1308
731
820
758
822
825
1162
827
746
88
996
1328
1874
2164
985
835
1483
67
836
839
231
1113
840
913
1060
845
1368
505
846
1137
633
1734
1011
2088
1224
1577
1111
70
856
859
1082
861
65
863
694
865
1494
1107
1802
30
728
868
873
1411
231
683
968
1311
2095
879
1338
881
1452
1109
695
954
343
1332
1066
889
1337
891
34
893
265
259
894
897
251
479
898
511
900
903
1059
905
1208
1157
1196
651
1496
100
888
1681
966
489
1395
917
1089
1054
185
921
1510
923
660
857
924
1540
1078
245
993
1094
1049
543
932
1471
1778
937
371
939
452
2131
360
1789
1116
469
1641
415
946
675
948
780
950
998
912
1432
1065
1159
1256
2173
1723
1015
1798
1291
1197
463
463
967
1322
1824
1614
1226
886
973
364
975
1068
743
191
1408
1293
981
1013
1018
1203
290
1038
987
843
147
988
991
508
1438
1818
995
851
997
965
1271
1450
1001
1254
8
1447
931
1004
316
1006
1538
1047
1710
751
1609
561
1404
1380
223
1695
344
1806
1608
927
1283
976
1199
341
1152
535
884
955
1530
2073
1212
1313
495
831
1708
1033
2165
1402
162
1397
1605
1386
1121
1753
744
1832
854
328
616
1343
1030
2091
1400
1366
1193
350
1295
1264
1570
104
1393
1303
1263
2128
681
1267
930
395
119
1143
1719
918
1249
1435
1268
1573
1607
1270
1472
1088
1392
1260
1655
1666
1698
999
1087
1233
1562
513
1171
1663
1210
1014
1095
339
1517
1182
582
710
43
1120
1638
1520
703
1580
1592
53
499
1554
284
1041
1302
1426
1162
2164
1074
1794
2043
1504
1409
1603
1125
1521
9
1126
1506
172
1353
2249
534
695
435
1956
1533
1072
1516
1873
1141
1522
1641
1762
1277
1252
1147
1195
1149
605
1151
1560
1153
1697
1160
2129
906
1468
1437
711
1161
381
1163
133
371
1311
1045
1532
887
1467
1758
1369
1535
2136
305
961
1052
1700
1491
1178
1445
1585
2244
1259
719
2120
1100
1186
2129
1513
1191
1139
618
1533
1665
1085
1541
926
1597
1465
251
143
1497
1529
1073
1500
1207
1484
777
1208
1093
2225
1213
1544
331
1214
2042
855
448
355
1735
1995
1721
1759
1449
1158
227
1526
1032
1031
1217
1104
1531
1206
1165
1648
1556
1631
1937
1739
1321
1487
1934
2254
1712
1588
1405
961
2112
429
420
1568
1253
1878
551
2067
1257
1738
962
1382
1370
1791
1347
1304
964
1808
1019
1266
1518
1443
1080
1079
456
565
963
1540
2207
805
1320
186
852
1282
1536
1356
733
2259
2041
1403
1287
2069
1407
1292
1381
1294
1547
1632
2240
1508
431
1629
1376
992
1374
1012
1261
2089
1406
1189
1169
1982
1981
1390
1090
1510
1414
274
714
1316
843
1502
1241
1846
713
1630
1325
1838
2253
945
1772
2228
1331
1595
1333
1624
1335
1265
1352
1551
1339
1008
1833
1909
1329
1766
1345
1106
486
1886
1349
1198
1703
1196
1462
1336
1611
1084
1642
2252
1195
1358
1623
1958
1363
441
1602
1971
1192
1525
1269
1645
1831
1716
1421
1567
1457
992
1377
2230
1379
1236
1707
1785
1819
1128
1662
1813
1824
1315
1387
867
1164
2016
1391
1995
1781
1527
1726
1617
1399
1525
1058
2113
1288
1053
1246
2066
1574
1537
1409
1122
557
1410
1413
548
1417
1864
406
1677
1913
2251
1543
1959
1821
0
1553
123
1427
1671
1725
1928
1480
915
1433
736
1274
1077
1431
1436
1489
2141
1797
1613
1076
1442
1180
1659
781
1446
464
1448
1625
2008
1453
1017
1235
1786
1201
1301
1459
1194
356
1460
1463
1221
1474
1965
142
1466
1167
1434
1181
1470
1668
1660
1137
2114
1247
2086
1479
1937
1881
1528
984
1482
1996
1675
179
1684
1983
1576
766
1490
298
1627
1220
1494
2203
2046
1299
460
1776
1612
2056
2117
1505
1810
1507
1935
1509
1583
1089
1743
2157
1624
1582
1957
1010
1868
1889
1444
1748
1425
1521
2207
1849
1136
1657
1780
915
1775
1232
1485
1634
1534
1892
1297
1305
2130
1577
1621
2132
2031
2152
1979
1742
1285
1885
1639
1875
1729
1993
1323
2102
1644
1555
1687
1356
1851
2218
1970
1296
1969
1563
1848
1174
1779
2214
1526
135
2159
1593
2085
1275
1572
1595
2068
1652
1539
1637
1591
1960
1828
1360
1691
2101
1867
1962
1372
1587
2107
1589
877
1579
1594
1265
1596
2068
1877
2167
1726
1894
2242
1653
1643
1552
121
1933
1020
1752
1610
1669
2171
1487
1713
1820
1793
1503
1733
656
1231
1936
1622
1940
2250
1717
1860
2256
2248
1565
2230
1585
1782
1237
1889
1607
2093
2092
1810
1936
2142
1547
1920
1705
2204
1606
2125
1865
2162
1093
1575
877
1671
1651
1654
1365
1656
1919
1658
2176
2175
2017
1906
1354
776
2057
1899
1679
1319
1667
2025
1243
1756
2083
1674
907
1884
1844
1678
1804
1441
1440
1682
2034
1053
1843
1686
1571
1688
2168
2070
1122
1890
2118
1694
1229
1870
1285
1680
1697
1546
1699
1822
1386
605
1888
1706
1557
1628
1707
1689
1709
1514
1711
1680
1826
1727
2232
1754
1912
1720
1876
1858
2124
958
1897
1816
2183
1728
2233
2087
1548
1422
1731
850
1817
1736
1499
1902
1239
2038
2047
1650
1839
2041
2255
1907
1747
1994
1836
2213
1811
2246
2172
2030
1755
1559
1852
1862
2237
1518
1659
1760
1545
1326
1765
1799
1976
832
2206
1927
2151
1935
1730
1772
1202
1497
1777
2106
1062
1994
1394
1908
1783
2100
2146
1784
1806
2203
1034
1788
1770
1790
1235
1814
1248
2113
1385
1901
1477
2019
1601
2158
1803
1990
1599
2187
1807
1774
1809
1593
1238
2247
1823
1887
1815
2224
1914
2134
389
1818
1989
2015
1714
1669
2234
2235
1827
2189
1582
2210
1384
1830
1620
1832
1835
2243
1473
2009
1286
1838
1893
2177
1918
1590
1976
1844
2170
1904
1768
1768
2121
2178
2245
1852
1855
1938
1901
2217
1859
1865
1861
2080
2146
1853
2222
1722
1685
1866
1869
1600
1871
1173
1927
2149
1549
1799
1475
1598
1769
1523
2037
2220
2028
2039
2033
2032
2127
2123
1948
1723
2118
1560
1942
1543
2104
2002
2236
1896
1857
1924
2208
1900
2027
2027
2195
1728
1935
2151
1231
1882
2180
2198
2129
1972
1923
1805
1795
1916
1683
2090
2072
2179
2187
2102
1984
1985
1997
2071
1929
2105
1584
2241
2053
1932
2022
1507
2055
2051
1255
2018
1216
1940
2153
1420
1911
1962
1963
1946
1949
1646
1672
1950
1961
1454
1955
495
1122
2070
1829
1581
1952
1787
1686
1586
2258
1964
1959
1966
1039
1931
1801
1558
1834
1912
2078
1566
2229
1342
1542
2210
1569
1980
2140
1999
2014
1984
406
2223
1898
1988
1991
1202
2231
1992
2111
2049
1926
1276
740
1439
1853
1951
1600
2002
2077
2052
2007
1904
1910
1502
2009
2010
1351
2096
1702
2014
1635
2180
2087
2018
1037
2058
2023
1243
2108
2024
1903
2147
1883
2168
2012
2030
1531
2032
2035
1749
2028
2169
1909
2038
1743
2078
2044
1825
2045
2235
1741
2046
1393
2196
1238
2200
2077
2052
1811
2054
1664
2061
2059
2165
1663
2117
733
2138
1650
2064
1854
2066
2069
2089
2239
1956
1921
1920
2160
2074
2103
2204
1512
2040
2081
2060
1275
2082
1945
2084
1874
2086
1880
2221
1842
2090
1749
1636
2065
2094
1608
2096
2099
585
1284
2119
2193
2004
1923
2104
1969
2106
1347
2108
1627
2110
2107
1401
2115
2153
2056
2116
1890
2118
2063
2120
2209
2126
1986
1987
2127
2122
2144
1188
1575
940
2083
1099
1618
2149
2137
1696
1557
2138
1488
2140
2143
1276
2145
1623
1862
582
2134
2148
1906
1905
2184
1893
2155
1977
2185
2166
1365
2219
2161
2092
2163
1787
1117
1038
2215
2166
1688
2168
2194
2170
1633
2172
2098
2174
1892
2176
2073
2178
2181
1911
1915
2182
2215
2152
2193
2103
2209
1856
2208
2217
1922
2192
577
2194
2197
2048
2213
585
2201
2050
1960
2202
2205
2076
1996
2206
2188
2191
2211
1840
2199
2212
2156
2214
2190
2216
1981
2218
1289
2220
1369
2222
1792
2224
1690
2226
1845
2228
1377
2230
2150
2232
1103
2234
1888
2236
1872
2238
1561
2240
1973
2242
2000
2244
1750
1941
1947
1493
1155
2250
1173
2252
1771
2254
2257
2060
1143
2258
2427
2528
2441
2285
2350
2354
2522
2497
2472
2695
3014
2290
2461
2288
2543
2277
2519
2613
2703
2275
2295
2516
2614
2263
2743
2291
3312
2746
2274
2276
2506
2584
2650
3036
2591
2281
2565
2510
2611
2608
2535
2988
2734
2607
2349
2402
2798
2590
2801
2990
2298
2742
2385
2916
2682
2261
2683
2851
2469
2468
3000
2320
2324
2561
2741
2546
2547
2690
2681
2646
2545
2750
2570
2664
2571
2499
2654
2342
2500
2696
2915
2948
3254
2344
2336
2339
2343
2694
2311
2470
2577
2457
2862
2374
2897
2563
2656
2765
2482
2540
2549
2364
2833
3322
2761
2495
2633
2365
2370
2463
2833
2756
2373
2378
2921
2707
3152
2824
2454
3026
2721
2355
2634
2389
2588
2759
2621
3066
2728
2353
2620
2383
2797
2443
2397
2768
2452
2880
2401
2835
2398
2538
2307
3014
3182
2412
2419
2660
2934
2700
2399
2714
2794
2909
2542
2416
2414
2432
2705
2411
2268
2406
2466
2262
2553
2440
2428
2782
2438
2423
2433
2430
3135
2720
2318
2999
2928
2659
2475
2582
2551
2764
2459
2503
2951
2455
2462
2603
2447
2556
2560
2651
2725
2511
2376
2527
2592
2269
2836
2568
2273
2481
2824
2959
3086
2623
2969
3045
2957
2617
2352
3270
2473
2606
2521
2842
2685
2526
2479
2861
2947
2821
2550
2482
2332
2557
2567
2528
2489
2827
2663
2663
2493
2769
2869
2496
2357
3136
2939
2338
2331
2753
2518
2504
2971
2702
2933
3284
2848
2515
2739
2675
2689
2514
2501
2284
2509
2738
2674
2520
2666
2729
2783
2757
2829
2369
2992
2372
2998
2530
2940
2532
3040
2534
2408
2585
2895
2299
2944
2359
2361
2508
2541
2544
2780
2322
2672
2625
2313
2488
2826
2552
2436
2426
4165
2491
2555
2599
2717
2442
2559
2325
2888
2564
2377
2502
2638
2875
2410
2908
2679
2345
2777
2574
2395
2576
2814
2578
2341
2580
2882
2409
2581
2736
2810
2586
2779
2386
2587
2658
2589
2868
2517
2594
2317
3154
2616
2808
2986
2600
2855
2602
2773
2604
2920
2422
3172
2394
2874
2522
2260
2308
2778
2863
2279
2796
2691
2316
3548
2886
2661
2390
2351
2622
2957
3006
2864
2845
2591
2674
2870
3046
2525
2632
3015
2340
3253
2301
2637
3122
3015
2689
2880
2682
2708
2451
2645
2904
2820
2271
2649
2652
2569
3113
2731
2963
2670
2523
2657
2404
3174
2388
3160
2596
2718
2639
2461
2857
2676
3250
2671
2963
2673
2698
2536
2512
2371
3025
2333
2678
2548
2680
2818
2840
2477
2684
2687
2486
2760
2759
2313
2595
2853
2923
2265
2815
2697
2772
2699
2913
2701
2909
3103
3176
2605
2704
2380
2706
2709
2817
3037
2547
3010
3135
2715
2659
3332
2741
2615
2498
2719
2722
2454
2910
2408
2726
2858
2971
2922
2713
2782
3038
2727
2297
2733
2952
2779
2294
2737
2629
2800
2950
2854
2846
2403
2619
2745
2964
2997
2326
2749
2752
2831
3088
2887
2831
2751
2758
2832
2487
2628
2993
2766
3142
2872
2945
3065
2464
2967
2744
3321
3464
2898
2881
3095
3123
2885
2995
2989
2787
2480
3063
2939
2938
3039
2784
2906
3040
2848
2437
2931
3403
2841
2969
2724
3284
2569
3116
2799
3116
2987
2740
2803
2890
2858
3048
3074
2806
2816
3333
2811
3242
2958
2812
2688
2896
3102
2624
2644
2648
3031
2460
2667
3555
2669
3041
2579
2494
2757
2828
2526
2362
2807
2954
3108
2794
2873
3554
2770
2982
2817
2793
3075
2710
2284
2844
2847
2918
2849
3011
2572
2850
2920
2374
2387
2558
2932
2856
2859
2915
2959
2677
2767
2903
3062
2438
3009
2290
3230
2882
2827
2436
2871
3163
2597
2774
2723
3436
2879
3111
2902
2642
2762
4171
2321
3228
2501
2886
2889
3222
3012
3355
3050
2894
2309
2988
3249
2941
3130
3181
2337
2641
2901
2647
2819
3154
2989
3279
2306
2876
2763
2912
2925
2914
2981
2785
2917
2653
3243
3268
2968
2748
2900
2922
2865
2926
2712
2789
2927
2869
3179
2270
2820
3082
2795
3199
3077
3183
2474
2610
2790
2940
3024
3027
2608
3047
3171
3029
3049
3963
2813
4174
3195
3125
3124
3118
3061
2317
3058
2960
2379
2554
3138
2640
3111
3058
3007
2377
2395
2970
3078
2692
3308
3190
2875
3260
2918
3298
3262
2980
3064
3223
3034
3138
3462
3218
3093
2293
2583
2598
2930
2955
2991
2363
3386
2996
2884
2636
3141
3143
2977
3432
3068
3257
3383
3306
3002
3193
3076
3078
3227
2936
2337
3418
2843
2878
3358
2695
3099
3020
3200
3022
3158
3540
3373
3217
3025
2786
2976
2278
3098
3194
3213
3207
3089
3291
3129
3032
3145
3048
2612
3019
3137
2648
2780
3075
2953
2766
2471
2654
3150
3345
3389
3325
3055
3118
3328
3224
2839
2949
3401
3057
2863
3043
2834
3170
3067
3186
3069
3238
3157
3072
2809
3079
3073
2267
3265
3277
3008
2816
3292
3342
3105
3084
3146
2801
3032
3245
2735
2966
3398
3492
2942
3092
3364
3096
2407
3361
3214
3255
3209
2458
3080
3030
3165
3106
3244
2837
2838
2883
2364
3112
3266
2776
3523
3301
3117
3033
3119
3256
3638
3175
2693
2293
2357
2945
3475
3229
3326
3128
2897
2805
3236
3018
3319
2911
3264
2784
2907
2962
3005
2956
3097
3299
2905
3144
3132
2985
3149
3258
3051
3397
3153
3134
3155
3378
3188
3200
3159
3121
3235
2662
2507
3162
3349
3324
3239
3290
3539
3241
3171
3235
3173
3302
3094
3198
2919
3376
3315
3210
3395
3141
2983
3182
3381
3558
3187
3288
3225
3004
3316
3168
3304
3090
3195
3177
3197
3342
3280
3174
3201
3283
3203
3396
3368
3300
3233
3202
3023
3306
3211
3314
3455
3140
2791
3236
2972
3216
2973
3056
3271
3270
2978
3222
3317
3310
3366
3204
3229
3192
3231
3349
3184
3419
3160
3322
2891
3406
3167
3238
3465
3240
2975
3242
3196
3244
3590
3198
2286
3248
3251
3189
3016
3252
3220
3254
3161
3256
3445
3114
3261
3295
3263
3143
3265
3226
3267
3180
3384
3312
3289
3393
3273
3416
3275
3408
3205
3276
3437
3352
3371
3370
3433
3422
3285
3346
3567
3208
3480
3282
3291
3192
3293
3060
3212
3294
3424
3458
2435
2771
3301
3226
3303
3400
3305
3035
3456
3537
3309
3134
3423
3478
3164
3492
3296
3314
3024
3446
3447
3479
3330
3107
3323
3234
2618
3385
3269
3527
3336
3418
3498
2994
3640
3139
3013
3517
3614
3506
3591
3450
3529
3572
3177
3526
3592
3388
2877
3666
3618
3091
3415
3375
3400
3339
3469
3507
3337
3711
3359
3330
3365
3360
3327
3568
3215
3364
3367
3115
3426
3368
3577
3488
3247
3372
3564
3338
3377
3081
3379
3448
3313
3246
3579
3430
3420
3286
2823
3580
3052
3490
3391
3471
3221
3392
3353
3394
3329
3396
3191
3398
3259
2984
3297
3402
3681
3278
3668
3404
3409
3351
3411
3535
3438
3669
3475
3524
3417
3412
3232
3512
3549
3531
3311
3320
3425
3528
3544
3600
3574
3440
3662
3741
3490
3589
3601
3356
3347
3434
3481
3797
3576
3671
3385
3597
3487
3444
3281
3446
3374
3561
3419
3557
3693
3120
3530
3421
3457
3497
3505
3495
3677
3571
3463
3651
3572
3561
3467
3672
3519
3502
3639
3470
3468
3519
3184
3542
3794
3581
3423
3429
3510
3673
3660
3613
3485
3405
3427
3486
2716
3680
3491
3344
3493
3533
3489
3494
3454
3496
3613
3713
3501
3246
3685
3702
3473
3504
3482
3328
3509
3646
3511
3606
3514
3630
3515
3335
3708
3516
3709
3407
3588
3606
3622
3694
3341
3126
3363
3526
3348
3528
3443
3689
3820
3596
3387
3534
3697
3728
3414
3538
3237
3632
3748
3909
3545
3638
3474
3715
3442
3548
3382
3483
3919
3619
3550
3554
3530
3461
3598
3674
3789
3658
3786
3623
3565
3449
3584
3605
3569
3626
3556
3570
3573
3706
3752
3834
3713
3428
3536
3646
3477
3476
3860
3742
3567
3854
3727
3665
3344
3521
3758
3546
3593
3594
3560
3735
3633
3610
3615
3838
3620
3683
3893
3800
3703
3421
3607
3739
3562
3559
3533
3778
3795
3648
3643
3654
3753
3608
3699
3618
3651
3732
3916
3766
3857
3499
3627
3611
3629
3601
3739
3789
3637
3721
3833
3763
3696
3503
3621
3453
3641
3756
3701
3642
3721
3821
3647
3625
3782
3690
3653
3656
3773
3682
3840
3882
3657
3693
3659
3560
3652
3575
3663
3431
3783
3700
3667
3452
3460
3668
3804
3678
3185
3672
3675
3357
3583
3705
3652
3837
3731
3680
3733
3599
3441
3684
3853
3439
3532
3688
3624
3747
3733
3692
3695
3798
3689
3825
3825
3760
3809
3768
3655
3751
3687
3704
3707
3714
3722
3925
3832
3819
3691
3712
3849
3725
3543
3757
3719
3784
3882
3776
3723
3828
3781
3897
3904
3856
3734
3940
3737
3730
3522
3732
3786
3661
3599
3717
3686
3635
3795
3740
3813
3839
3745
3860
4203
3871
3749
3582
3824
3814
3816
3752
3755
3676
3563
3756
3759
3779
3761
3858
3803
3802
3765
3631
3830
3879
3769
3806
3772
3980
3617
3728
3775
3812
3777
3720
3602
3645
3578
3780
3741
3782
3770
4015
3901
3649
3762
3788
3999
3844
3793
3720
3690
3794
3850
3796
3799
3743
3801
3859
3634
3886
3805
3807
3726
3806
3691
3808
3894
3916
3738
3944
3815
3532
3586
3930
3886
3829
3891
3906
3823
3889
3969
3870
3960
3898
3710
3828
3831
3811
3822
3818
3729
3929
3869
3950
3846
4004
3841
3725
3884
3857
3834
3903
3878
3518
3984
3919
3679
3928
3912
3536
3750
3893
3817
3842
3585
3858
3861
3714
3851
3880
2444
3965
3698
3956
3059
4009
3988
3885
4002
3910
3945
3881
3552
3996
3743
4008
3940
3891
3883
3855
3958
3835
3887
3982
3957
3771
4018
3890
3967
3892
3836
3868
3922
3896
3899
3951
3955
3900
3852
4029
3905
3856
3946
4179
3810
3908
3975
3968
4198
4091
4097
4179
3917
3895
3964
3918
3915
3867
3864
4168
4007
3924
4020
4212
3976
4212
4000
2961
4010
4052
4107
4096
3985
4037
4167
4013
3941
4216
3109
4019
3920
3944
3109
4104
4049
4177
3767
3950
3953
3785
3995
3954
3867
4016
3991
2961
3848
4175
4196
4181
3923
3964
4061
3872
4032
3911
4039
4005
3987
4009
4033
3974
3790
4025
4064
4080
3985
2444
3983
3961
3889
4176
4063
4194
3989
3932
3817
3785
4043
4204
3990
3994
4209
4068
3997
3959
4044
4067
3943
3977
3962
4004
3993
4006
3894
4182
3942
4062
4024
3981
4047
3835
4017
3939
3949
4018
4168
3927
4069
4055
4176
4215
3986
4046
3956
4198
4036
4027
4193
4032
4184
3933
4037
4177
4053
4204
4056
4065
4074
4039
4203
4044
4207
3927
4011
4011
4013
3877
4201
4196
4070
4059
4012
3947
4186
4167
4127
4102
4193
4114
4188
4020
4050
3997
4211
4172
4053
4180
4043
3992
4199
4091
4135
4071
4108
3966
4082
4106
4096
4051
4089
4075
4103
4190
4128
4148
4123
3913
4152
4133
4095
4146
4126
4028
4118
4156
4076
4141
4088
4057
4133
3978
4107
4122
4129
4078
4060
4187
4160
4157
4115
4087
4131
4124
4112
4158
4090
4208
4089
4113
4116
4141
4095
4130
4139
4159
4155
4153
4109
4132
4154
4134
4219
4123
4127
4144
4117
4140
4116
4160
4191
4108
4147
4060
4149
4090
4136
4219
4142
4152
4138
4154
4137
4156
4145
4158
4143
4139
4163
4066
3959
4164
4023
4166
4169
4041
3942
4170
4201
3981
4173
4040
4175
4178
4030
4077
3907
4182
3059
4081
4207
4048
4185
4110
4189
4105
4150
4190
3948
4192
4195
4072
4197
4054
4042
3912
4035
4200
3998
4202
4205
4073
4031
4206
4120
4083
4001
4210
4213
4014
4003
4214
3996
3938
4160
4218
1423
854
1374
265
550
1121
542
1234
1002
1126
42
1343
370
552
625
646
105
353
440
108
1426
791
591
918
254
199
525
977
40
659
868
221
729
1066
341
1071
423
652
742
598
897
73
629
1102
1102
180
671
5
458
981
520
55
53
1109
747
59
826
58
56
779
49
398
399
2015
612
1120
780
836
879
358
856
1505
1257
46
67
296
464
103
79
295
569
696
905
764
777
1451
640
93
828
462
477
320
903
1081
702
330
931
315
1808
83
910
1001
975
794
1476
937
1281
825
751
110
750
1926
995
571
124
122
130
1409
661
1070
922
1605
394
1425
657
273
1123
427
279
563
1041
243
917
1034
494
1568
768
2
352
138
31
701
1466
2141
471
475
37
988
1245
633
737
891
1192
232
1110
60
459
506
357
487
154
176
577
628
754
807
539
939
359
348
409
796
1129
1260
686
524
182
10
44
1486
173
383
184
355
1486
1119
1279
26
185
28
188
1295
449
580
23
131
136
193
677
218
244
718
198
206
350
2072
468
799
597
643
201
416
574
881
596
1410
1378
215
137
1212
819
789
871
1016
556
770
1025
1226
375
523
340
873
1349
1742
29
237
234
1029
615
378
366
1654
75
833
245
928
250
672
478
609
578
1200
247
255
412
1075
595
750
134
894
261
553
414
407
692
1030
675
338
267
724
554
268
401
513
1315
1387
1689
275
753
263
1316
562
563
590
1112
286
435
195
943
18
984
299
1282
304
403
691
14
558
1492
504
1221
568
104
291
514
1477
308
1376
704
973
322
550
617
100
1214
697
1006
347
321
318
738
317
365
842
326
739
325
1345
1049
97
651
1214
876
1802
16
1164
405
385
266
1097
374
1025
1065
1361
1952
301
912
584
165
1064
1057
38
17
678
533
1219
1460
748
1048
573
941
763
1279
192
311
511
679
146
684
61
1165
1164
455
814
390
870
397
497
1161
700
1169
1161
481
382
1002
683
699
167
421
1818
228
1199
593
529
269
1069
1490
22
1146
336
547
1092
647
834
1665
1446
1986
274
387
408
415
1268
1145
1329
264
1442
719
208
687
576
1250
626
801
422
693
845
434
706
179
1249
1151
1298
433
991
978
1134
1193
145
439
919
786
1766
205
771
445
1402
681
1800
1218
183
485
70
1040
452
202
454
1272
544
172
158
2161
865
88
964
1448
106
578
479
637
944
663
470
708
797
152
759
90
641
467
963
655
480
164
2025
1009
178
1346
482
1340
914
491
246
1166
259
1037
1955
24
496
369
1886
501
1100
503
464
509
1174
47
1622
305
1014
313
900
395
1091
515
1061
517
944
64
781
337
384
153
522
586
1321
839
1762
393
731
531
349
362
532
1132
1027
20
993
48
538
541
565
908
932
1272
665
817
546
2182
565
1380
1254
253
803
339
1149
225
1410
792
623
356
1609
114
1191
761
1273
1715
1460
982
649
766
1294
521
861
722
1693
187
2194
926
608
27
743
1100
1489
967
2199
587
418
849
884
1178
570
345
592
1350
1157
726
1453
740
740
601
135
432
1328
1171
1703
561
1262
249
536
611
1124
1459
1147
33
614
1815
84
1192
813
621
855
289
622
625
76
583
1200
71
451
631
1206
667
849
635
952
216
210
1239
43
87
1271
732
642
893
1052
402
1482
329
690
859
908
1332
2145
775
654
1618
1397
589
1432
923
660
147
662
725
664
588
666
787
787
1159
914
673
537
411
948
351
676
1653
1456
141
1066
65
874
534
863
428
1830
396
1135
1108
80
410
270
1086
1133
543
1626
174
698
701
381
89
1106
705
1463
707
1408
670
1880
1101
1159
1181
1322
1725
1678
717
1190
469
1184
721
294
723
223
1125
457
727
557
1719
619
1203
983
636
1284
735
204
1514
151
1519
953
1998
1375
743
976
1046
1078
827
746
1242
748
1207
1011
1314
1429
755
1506
757
551
822
618
811
760
472
762
765
328
1490
117
769
599
443
417
773
1067
190
774
1663
1814
1359
1027
950
1446
783
1
785
257
1163
290
380
788
669
790
793
603
795
1224
473
292
240
798
35
800
256
802
832
1879
567
806
809
744
282
810
758
812
581
1782
278
816
379
818
821
1266
823
759
288
824
54
826
997
964
1363
1035
1767
804
831
834
837
1436
222
838
841
123
327
1318
604
844
847
1564
30
148
1733
1144
1280
1430
1048
1217
857
957
81
858
572
860
883
862
316
864
333
1740
1464
848
1325
391
527
1964
1043
683
12
1650
484
878
211
880
535
368
1028
342
1189
1754
911
888
226
890
645
892
895
674
627
896
899
1434
901
1353
987
902
95
904
1156
1672
999
2163
888
1492
953
703
1111
1528
921
916
1073
430
258
920
118
922
925
1478
1197
1021
962
1259
1068
1004
933
315
889
1131
335
936
419
938
624
1579
1232
3
442
2253
947
1269
949
1148
951
1126
1335
1220
1711
1029
1687
1479
1723
674
1036
1247
1258
1274
1264
997
1498
966
875
499
343
1433
4
972
314
974
1509
1054
689
276
52
980
1107
1019
1482
833
91
986
989
955
505
990
1301
929
113
994
829
996
98
1087
307
1000
968
9
1005
930
1007
1470
1620
488
1516
1177
1812
1063
1095
960
1142
1694
982
1266
1607
1532
1379
431
1597
728
694
1153
1244
1419
1052
1229
1228
1037
1788
508
1246
2020
985
1968
576
1113
126
1924
1578
1166
959
1009
1339
1094
84
1676
1176
1683
918
1227
1399
191
1931
1060
843
300
1778
53
606
955
887
1050
331
1416
1141
231
1975
1776
1248
492
1442
1045
927
1520
1270
1080
85
566
1611
1714
695
1088
1667
1510
1884
1858
1415
1648
930
1096
1764
1896
1859
2133
1186
1431
710
2234
1231
2098
1635
866
1775
1796
607
855
850
1553
241
1652
1788
495
188
1296
1103
1044
1690
1873
119
1124
1127
1621
1383
1371
935
1993
1666
1441
1253
1769
1658
1474
1734
2227
456
1140
557
2258
571
111
778
1146
594
1148
373
1150
1026
1152
1310
2250
1673
906
1225
956
1154
1160
1116
1162
1390
1234
958
1541
1333
1308
2125
1092
1921
2252
1564
302
1699
805
1179
1138
1444
1470
1099
1427
1283
1284
1187
1784
142
1307
767
1190
1366
1056
1820
1358
1351
963
1542
1024
1292
1456
1991
983
186
1684
1233
1206
1209
1615
1454
2081
1032
1871
1215
344
1825
1230
1355
1655
1494
1463
1704
1170
853
1280
1829
34
1870
1851
638
1619
1530
1562
7
1792
1783
1632
2050
1738
1403
1320
486
2023
1372
1534
1404
1255
1794
1074
2026
1250
1145
1252
1550
1938
957
1256
1099
1183
1083
1304
2022
1610
1594
1594
1267
1455
1076
1368
1079
998
549
1677
1572
2082
1997
1639
1501
1241
1305
1331
1281
1022
2100
1545
1838
1917
1402
2220
1881
962
1291
979
1293
1058
1560
1535
1297
2084
713
1488
1114
1385
483
1536
360
1418
447
241
1201
1165
2021
1312
274
1868
1317
121
1180
1667
1278
1240
967
1551
233
1324
2136
1763
830
1342
1306
1330
886
1332
463
1334
1353
298
1047
1338
1781
638
1977
1051
1391
1344
1744
2108
227
1348
1020
2012
1062
1130
2195
1384
1556
1031
1701
0
1582
2144
11
1362
1755
2158
1367
1657
1645
2222
1727
1847
1587
1720
1302
2
1300
1376
815
1378
1015
1182
1756
1661
1830
1796
1702
1388
1098
7
1389
1392
1910
2048
1780
2036
715
1041
618
1398
1777
429
1039
1287
1765
2019
1591
1289
978
1408
1411
1327
1396
1412
1869
512
1929
1604
1360
1188
1943
1420
1731
1422
1915
548
1115
1426
2205
714
711
1436
954
1432
1469
1075
1437
1481
1737
1999
1680
1679
1443
1223
1761
1180
1447
1731
1449
1290
1319
1503
575
1452
1953
1647
420
1309
969
1458
1461
1261
1352
1462
1286
1598
1467
1718
1674
1435
1471
1323
1748
1836
1512
1876
2049
1798
71
1478
709
852
1483
1342
1563
1531
1288
1612
2140
1438
1491
1010
1747
2249
1495
1866
909
1202
2074
1571
1589
1656
2009
1616
1121
1504
1128
1506
2062
1508
1313
1696
2078
1972
1711
656
1618
1895
1759
1682
1105
1522
1413
1879
1523
1367
1567
1395
2037
1807
1546
2032
1167
1136
1533
1850
1596
1407
2054
2247
1275
1196
1978
1893
2137
1762
1699
1640
2155
1874
1377
2248
1604
1424
1341
2029
1185
2138
1971
2243
1891
2240
1090
1562
1175
1855
1975
1841
1251
1980
1445
1686
1573
2012
1649
2130
1757
1538
1751
1592
1803
1959
1828
1692
1891
1630
1963
1588
1943
1590
1795
1579
1741
1809
1593
1574
1595
1198
1877
2192
2002
1800
1801
2005
1894
1643
1805
1634
2096
1012
1609
1354
1842
1441
2122
1861
2256
1644
2134
2200
1832
1539
1621
2145
1513
1664
776
1493
1707
1299
1946
2101
1930
2172
2013
2016
2093
1750
2201
1547
2238
945
2063
1603
1553
1369
1987
616
2225
2095
2064
1863
1576
1602
1653
1084
1655
1526
1657
1760
1944
1716
2007
2060
2056
1194
1085
1668
1837
1823
483
1651
1950
389
1673
1485
1117
1417
1677
1827
1713
1736
1681
1918
1487
1866
1962
1555
1687
1709
2226
1583
733
1706
1693
1357
2137
1698
1613
1700
1524
1925
2045
1724
339
1642
1705
1708
1854
1710
1515
1712
1581
1856
1822
1770
1371
1835
1601
1072
1719
1949
1865
1889
1752
1428
1599
1715
1905
1549
1772
1732
2042
1932
850
1685
1735
1983
2051
1619
2064
2046
1544
2040
1507
1670
1628
1746
1520
2092
2246
2043
1608
2097
1717
1754
1671
1902
1948
2237
2212
2035
1143
1545
1730
1764
1343
1845
1849
1878
1790
2254
1773
2154
1496
1529
1500
1776
1493
2197
1883
1394
1631
1782
1785
2000
909
1961
1789
1954
1791
1745
2224
1211
1561
1916
1797
1440
1939
1875
1569
1970
867
1802
1552
1915
1786
1806
1265
1808
1637
1750
1887
1900
1793
1814
2186
2053
1819
2001
1614
2044
1857
2109
1386
2043
2216
1826
653
1958
1831
2006
1833
1104
1973
1834
2099
1473
1839
1511
2211
1475
2090
1918
1845
2228
2091
162
2033
1524
2139
1557
1853
2000
2066
1854
2189
1898
1721
1858
1625
1860
1757
1862
406
1646
1867
1586
1517
1868
1695
1870
2238
1139
2086
1729
1566
2184
1997
2143
709
1480
1909
2028
1675
1849
1347
1813
2236
1633
1691
1584
2176
1840
1600
1722
1897
1633
1988
1988
1901
1856
1737
2026
1847
2150
2150
1771
2039
2038
2008
1944
1973
1155
1816
2182
1917
1968
1842
2171
2073
2072
2192
1914
1899
63
1996
1872
1914
1928
2241
1969
1933
2004
2255
1771
1638
1238
1855
2067
1941
2246
1892
1942
585
2084
1947
2249
1758
1948
1951
2133
1960
1961
1485
2059
2071
1690
1967
1966
2202
1952
1945
1992
1965
2079
1967
653
1917
1561
2159
1365
1913
1834
2167
2157
1844
2155
2211
1543
1981
2218
1971
1488
1985
1925
2124
2125
1989
2191
2047
1990
1993
1550
1779
1393
2206
1926
2026
1983
2244
2245
2003
2105
2103
2148
2233
2006
2011
2010
2011
2116
2030
2031
2015
1821
2181
1660
2019
1799
2021
2020
1934
2022
2025
1669
1998
1903
1882
1882
2031
1541
2033
1884
460
2034
2169
1880
2039
1883
2079
1743
1216
1120
2042
2044
2047
1740
2197
1995
2201
1937
2053
1932
2055
2050
2116
1664
2021
2058
2257
2057
2121
2120
2065
2094
2067
1255
1575
1289
1957
2239
1920
2178
2075
1636
2205
2004
1974
1974
2057
2080
2083
2132
2085
1571
2087
1729
2221
2069
2091
1053
1636
2198
2095
877
2097
2173
2174
2098
2119
1584
1923
2076
2105
1929
2107
2112
2109
2126
2111
2048
1248
1795
2156
2114
2117
2061
2119
2101
2121
1850
2127
2188
2223
1645
2123
2126
2251
1155
1537
2094
1540
1951
2148
656
1326
2136
2139
2179
2141
1439
1872
2142
2128
2144
1784
2027
2149
2135
1905
1907
2185
2115
2229
2154
2214
1512
2219
1569
2074
2160
1792
2162
832
2059
2167
1598
2169
2037
2171
1611
2173
958
2175
2199
2177
2115
2179
1921
2017
2180
2183
1922
2152
2156
2076
1922
2208
2190
2216
2209
2193
2186
2195
1904
2049
2196
1911
2212
2051
2200
2203
1787
2077
2204
2207
1276
2190
2188
1979
2210
2213
2198
2215
2184
2217
2191
2219
2159
2221
2089
2223
1987
2225
1648
2227
117
2229
1976
2231
1992
2233
1728
2235
1825
2237
1758
2239
2071
2241
1931
2243
1835
2245
1852
1941
1811
1627
1947
2251
1419
2253
1326
2255
1744
1626
2256
2259
1285
2610
2899
2423
2846
2311
2694
232
3075
2420
2457
3210
2649
612
2856
3044
3062
2647
2275
3029
2614
2544
2295
2514
2515
2844
2263
3248
2271
2273
2613
2867
2285
2294
3123
2737
2627
2297
2733
3085
2537
2301
2637
2291
2602
2493
2532
2908
2402
2611
2894
2352
2348
2512
2690
327
3084
2812
2957
2813
2709
3090
2884
2545
2594
2322
2561
2749
2625
2326
2333
2600
2500
2562
2678
2652
2491
2344
3012
2499
2798
2635
2387
2337
3049
2343
2571
2578
2697
2340
2744
2854
3017
2470
2389
2265
2768
2722
3124
280
3110
2496
2540
2631
2993
3110
3124
2361
2370
2752
2525
2368
2676
2527
3216
2853
2455
2454
2967
2373
2834
2378
2574
2671
2692
2634
2312
2665
2854
2661
2383
3122
2504
3263
2385
2607
2968
2728
2394
2832
2410
2523
2398
2612
2744
2659
2399
2927
3096
2724
2413
2568
2437
2405
2606
2416
2534
2934
2521
2508
2406
2715
2552
2605
2911
2466
2441
2553
2260
2426
2432
2475
2428
2417
2430
2324
3298
2871
2789
2865
2268
2871
2262
3101
2732
3981
2479
2564
2852
2353
2336
2299
2796
2804
2397
2378
2445
2576
2351
3101
2442
2821
2666
2446
2369
2843
2308
2422
3008
2319
2318
2349
3048
2404
2472
2938
2438
2462
2684
2463
2478
2780
2461
2483
2489
2699
2548
2687
2759
2549
2488
2731
2555
2530
2492
2827
2365
2495
2267
2719
2616
2691
2886
2565
2443
2503
3261
2290
3401
2541
2516
2811
2901
2675
2619
2513
2509
2844
2592
2502
2276
2822
2474
2609
2657
2778
2860
2830
2677
2261
2354
2529
2586
2531
2412
2533
2583
2674
2538
2401
2580
2359
2542
2788
2274
2543
2717
2777
2711
2680
2630
2482
2440
2551
2924
2961
2556
2490
2916
2776
2560
2597
2850
2914
2355
2563
2739
2518
2486
2458
2796
2332
2306
2966
2604
2573
2269
2575
2350
2577
2826
2579
2582
2473
2988
2847
2535
2585
2588
2878
2590
2524
2628
2688
2468
2593
2691
3144
2874
3218
2557
2599
2567
2601
2447
2603
2793
2473
2642
2944
2498
2939
2298
3040
2277
2626
3262
2596
2469
3324
2745
2390
2386
2623
2800
2839
2547
2753
2480
2760
3260
2765
3119
2633
2979
2382
2726
2997
2638
2536
2802
2747
2315
2881
2617
2683
2646
2718
2903
3043
2650
2867
2451
2651
3069
3049
2376
2655
2658
2828
2437
2407
2693
3411
2490
2889
2879
2520
2822
2477
2824
2656
2670
2546
2995
2629
2511
2991
2861
2679
2888
2681
2327
2643
2316
2685
2830
2701
2974
2814
2641
3068
2616
2971
3122
3130
3017
2339
2696
2673
2698
2409
2700
2505
2278
2705
2792
2707
2372
2644
2708
3211
2595
2926
2497
2411
2714
3488
2558
2664
2720
2730
2380
2721
3173
3162
2452
2725
2825
2388
2260
2842
2654
2487
2734
2810
3088
2943
2738
2628
2510
2775
2717
2785
3028
2769
2746
2754
3153
3020
2750
2711
2756
2751
2501
2506
2955
2755
2828
3021
2689
3248
2364
2882
3303
2912
2357
3047
2862
2395
2790
2838
3415
2799
2774
2875
3086
3113
2572
2612
2736
3044
2735
2427
2522
3137
2915
3027
2786
2795
2937
2940
3208
2849
2841
2835
2934
2615
3274
2306
2798
2740
3085
3112
3133
2900
3392
3022
2832
2597
3204
2584
2810
2813
2950
2815
2695
3079
2840
2682
2904
2648
2667
2904
3386
2377
2998
2494
2870
2829
2986
2669
2755
2758
2362
3064
2836
2458
3107
2994
3058
2958
2866
2475
3014
2845
2278
2743
2846
2788
2848
2851
3034
2921
3019
2742
2917
2857
2819
2804
3042
2980
2960
2403
3062
2781
2467
2936
2868
2591
2929
2929
2872
2712
3102
3073
2974
2909
3346
3015
2878
2642
2407
2869
3109
3007
2776
2887
3105
2562
2888
2803
3236
3067
3117
3202
2505
3036
3130
2893
3132
2922
2902
3083
3043
2647
3052
3147
3138
2392
2413
2723
3135
2911
2996
2913
2859
2313
2916
2976
3176
2852
2374
2923
2890
2970
3136
3366
2928
3071
3047
3203
2990
2856
3231
2408
3142
3011
3072
2610
2782
2941
2309
3092
2702
2807
3125
3161
3031
2892
3059
2965
2444
3196
3046
2953
2991
3141
2624
2812
2860
2959
3959
3484
2655
3272
2885
3089
3252
2636
2793
2969
2727
3216
3218
2876
3053
3104
3000
2435
2761
2979
2321
3228
3182
3401
3402
2598
2800
2895
2906
2309
2992
3054
3065
3331
2777
2995
3156
2528
3350
3168
3511
3166
3004
3189
3140
3155
2966
3078
3276
2712
3285
3099
3546
2270
2640
3252
2987
3394
3041
3019
3093
3021
3531
3316
3026
2770
3098
2703
3376
3287
2820
3037
3275
2982
3305
2293
3424
3050
2784
2787
3070
2342
3063
2932
3264
2946
2945
2805
2948
2892
3510
3388
2618
3251
3003
3219
3318
2965
4182
3486
3056
2864
3194
2363
2766
3039
3066
3002
3068
2956
3010
3071
3074
3121
3045
3205
2877
3009
3148
3149
3377
3087
2660
3083
2767
2464
3091
3106
3304
3193
3349
2973
2986
3174
2910
2935
3259
3030
3018
3425
2808
2816
3294
2919
3082
3105
3321
3323
3942
2762
2964
3111
3127
3629
3367
2797
3116
3055
3118
3692
3159
2639
3140
2954
3170
3788
3167
3457
3005
2898
3220
3146
3267
3309
2713
2497
3131
2962
3333
3213
3181
2763
2999
3145
3345
3094
3214
3175
3148
3187
3409
2972
3152
2905
3154
3201
3224
2942
3372
3234
3256
3163
3293
3380
3420
3379
3238
3191
3374
3125
2946
2983
3172
3199
3121
3377
3342
3329
3178
3417
3219
3183
3139
3474
3661
2471
3186
3311
3359
3297
3658
3291
3305
3063
2952
3244
3327
3247
3360
3157
3200
3207
3202
3227
3276
3353
3151
3287
3451
3179
3210
3286
3100
3098
3337
3217
3107
2985
2891
3254
3335
3223
2977
3057
3188
3301
3367
2885
3127
2286
3230
3418
3206
3323
3160
3215
3540
3239
3169
3565
3169
3243
3324
3245
3362
3381
3494
3249
3326
3016
3250
3253
3225
3255
3206
3257
3410
3280
3400
2975
3260
2978
3262
3045
3076
3273
3266
3343
3496
3221
3233
3319
3272
3299
3274
3277
3390
3405
3485
3198
3768
3517
3317
2507
3284
3385
3455
3289
3270
3241
3035
3444
3292
3295
3325
3340
3402
3538
3143
3391
3115
2907
3302
3192
3304
3209
3660
2837
3508
3225
3422
3269
3597
3315
3500
3504
3224
3336
3134
3551
2823
3235
3322
3165
3053
3128
3362
3507
3396
3320
3534
3717
3544
3375
3515
3328
3356
3707
3467
3501
3744
3081
3081
3588
3051
2984
3436
3528
3164
3414
3573
3628
3394
3523
3506
3684
3715
3310
3358
3361
3354
3493
3633
3365
3435
3226
3366
3369
3470
3281
3489
3373
3459
3448
3351
3177
3376
3389
3378
3454
3780
3476
3498
3568
3442
3580
3431
3001
3052
3347
3390
3393
3514
3395
3466
3397
3334
3399
3465
3352
3060
3403
3237
3407
3621
3237
3439
3464
3408
3430
3410
3576
3688
3538
3350
3429
3416
3013
3450
3384
3605
3370
3478
3296
3424
3453
3486
3577
3479
3383
3663
3520
3722
3736
3469
3463
3622
3412
3687
3647
3684
3566
3792
3445
2716
3447
3642
3491
3594
3558
3348
3667
3639
3496
3212
3461
3456
3406
3473
3668
3557
3427
3462
2771
3240
3438
3466
3704
3354
3471
3667
3460
3504
3724
3126
3581
3740
3428
3509
3589
3712
3441
3664
3545
3484
3487
3640
3730
3494
3432
3490
3313
3492
3495
3404
3497
3570
3330
3809
3232
3500
3695
3750
3505
3472
3337
3307
3550
3508
3480
3510
3609
3723
3512
3674
3675
3335
3847
3468
3607
3513
3831
3114
3542
3659
3527
3596
3529
3553
3556
3421
3815
3610
3535
3663
3853
3307
3539
3525
3413
3761
3475
3716
3426
3544
3591
3654
3549
3626
3554
3574
3865
3590
3555
3581
3637
3760
3185
3547
3594
3449
3862
3908
3592
3564
3627
3584
3363
3776
3571
3541
3341
3572
3428
3661
3440
3616
3780
3587
3387
3477
3887
3874
3604
3858
3816
3624
3764
3433
3246
3774
3344
3765
3593
3747
3533
3443
3558
3736
3641
3434
3778
3759
3602
3636
3521
3606
3617
3598
3644
3777
3787
3483
3537
3575
3769
3845
3619
3603
3650
3638
3522
3563
3690
3665
3569
3626
3278
3628
3710
3634
3585
3596
3802
3822
3703
3632
3120
3452
3332
3640
3643
3670
3793
3988
3579
3646
3613
3843
3623
3620
3678
3650
3615
3824
3651
3653
3561
3658
3482
3735
3648
3662
3586
3587
3656
3666
3669
3754
3734
3719
3673
3595
3559
3674
3890
3755
3772
3850
3681
3796
3830
3601
3685
3718
3738
3847
3689
3696
3649
3808
3693
3657
3683
3694
3814
3536
4188
3801
3842
3805
3503
3604
3705
3742
3745
3706
3819
3920
3828
3896
3713
3499
3861
3547
3837
3737
3799
3718
3793
3644
3708
3722
3775
3841
3806
3586
3773
3834
3731
3679
3733
3682
3728
3791
3917
3716
3921
3630
3741
3782
3583
3878
3749
3744
4067
3691
3803
3748
3854
3892
3753
3726
3820
3754
3757
3543
3578
3758
3699
3760
3833
3635
3763
3764
3810
3993
3701
3768
3902
3889
3770
3608
3849
3774
3721
3776
3883
3697
3781
3686
3783
3612
3839
3991
3562
3727
3789
3631
4031
3885
3702
3792
3795
3612
3797
3827
3838
3798
3821
3800
3823
3762
3900
3804
3807
3954
3952
3700
3908
3836
3918
3742
3751
3875
3905
3990
3771
3711
3532
3645
3832
3822
3750
3698
3922
3518
3829
3826
3766
3830
3848
3634
3844
4015
3894
3679
3599
3743
3729
3888
3857
3930
3863
3852
3868
3813
3960
3714
3899
4206
3902
3866
3975
3911
3905
3843
3859
3873
3582
3876
3903
3929
4017
3961
3867
3921
3895
3836
4214
3953
3967
3906
3949
3872
3983
4051
3971
3767
3877
3943
3655
3882
4000
3871
3818
3886
3941
3984
3891
3881
3893
3855
4008
3869
3897
4016
3924
3898
3901
3928
3962
3845
3994
3904
3821
4180
3909
3879
2883
3969
4199
4069
3978
3920
3811
3916
3919
3552
3944
3923
3896
3964
3925
4200
4040
4047
3851
3835
3817
3976
4003
4035
4034
4217
4174
3948
4217
4023
3880
3940
4170
4002
3945
3907
3989
4057
4192
4018
3951
4006
3958
3952
3955
3931
4064
4166
3884
4164
2951
3983
4004
2949
3965
3926
4079
3968
3911
3974
4035
2949
3963
4205
3975
3910
3928
4003
4105
4209
3771
4173
3980
3982
3936
3936
4026
3992
3870
3988
4045
4202
4073
4006
3995
2554
3877
4067
4202
4001
3930
4210
4192
4214
4005
4038
4007
3970
3973
3973
4048
4049
4056
4050
4213
4021
3957
4016
4019
3937
4065
3998
4085
4166
4012
3977
4117
4031
4097
3903
4178
4206
4033
4171
3934
4200
4030
4036
3972
4043
4175
4169
4198
3992
4045
4165
4027
4014
4185
3948
4012
4083
3933
4070
4197
4023
4040
4093
4049
4055
4147
4078
4011
4124
3978
4041
4163
4001
3997
3913
4054
4077
4195
4205
4042
4092
4113
4179
4109
4109
4100
4114
4134
4209
3934
4102
4098
4115
4129
4122
4149
4125
4128
4145
3935
4126
4082
3914
4110
4087
4120
3913
4061
4119
3947
4189
4099
4106
4145
4132
4187
4147
4118
4123
4063
4131
4142
4140
4130
4112
4208
4149
4137
4137
4117
4142
4138
4138
4088
4108
4127
4116
4133
4093
4135
4136
4150
4156
4154
4161
4141
4125
4152
4159
4139
4158
4095
4146
4089
4148
4190
4161
4153
4131
4155
4130
4157
4113
4159
4129
4218
4151
4056
4162
4165
2554
4167
4059
4020
4168
4171
2883
4069
4174
2951
4176
4024
4037
4177
3907
4071
3963
4181
4042
4034
4186
4058
4111
4064
4188
4191
4151
4193
4062
3987
4194
4053
4196
3912
4074
4201
4052
4203
3746
4039
4204
4207
4046
4121
3996
4211
4068
3927
4212
4215
4025
3941
3935
4219
4151
1359
783
137
943
303
168
-1
1389
572
1003
177
786
2696
2573
502
2725
334
238
-1
-1
388
2388
-1
354
496
-1
686
194
189
-1
390
140
-1
367
891
526
2422
-1
2559
2601
2453
2465
2456
639
74
-1
2622
2745
170
-1
2289
-1
51
52
-1
51
-1
-1
57
-1
155
-1
-1
0
518
861
-1
74
-1
-1
451
628
629
41
-1
242
625
2492
-1
78
-1
858
-1
99
617
648
-1
-1
-1
-1
476
324
-1
476
-1
6
2325
329
998
2593
-1
2599
2698
77
1061
2651
78
-1
112
2721
630
257
-1
376
-1
-1
-1
767
-1
923
-1
1317
115
841
116
-1
129
2540
-1
811
115
2620
2670
1163
2587
601
196
139
139
-1
2262
239
31
1201
2266
-1
367
662
436
667
-1
-1
150
522
156
-1
2481
2287
2460
2288
2272
2566
1040
2649
482
-1
2281
2302
2513
-1
2283
-1
409
180
161
-1
161
2575
-1
176
169
2585
2637
175
444
919
1204
699
190
2394
438
977
363
197
-1
287
2686
-1
2537
25
2312
516
454
2459
735
223
203
2439
213
-1
2405
209
2415
-1
2541
36
734
2704
-1
770
2421
2425
229
723
-1
-1
230
1348
-1
2719
-1
839
2266
219
236
2429
-1
140
-1
2420
600
1114
2347
21
200
2393
2391
252
2389
-1
248
897
-1
2381
2375
808
252
785
920
493
-1
260
2684
-1
2668
893
-1
-1
271
610
338
-1
2495
271
407
125
979
-1
280
128
2358
-1
716
-1
562
2369
377
2621
644
622
787
303
797
2555
2264
-1
2265
-1
1337
-1
308
2329
304
-1
293
1174
2338
319
306
-1
2749
364
-1
510
392
933
864
321
319
2322
91
2434
310
2643
-1
-1
324
2314
765
543
95
1068
2345
371
2645
332
-1
2519
267
554
230
34
147
885
1018
592
326
2469
169
531
204
676
-1
17
-1
183
560
159
68
168
691
2470
363
-1
973
2328
240
-1
-1
498
242
937
2400
677
-1
224
-1
2478
207
680
220
701
2531
181
50
518
2296
408
-1
1673
374
523
2570
528
-1
817
283
376
62
62
2360
400
2635
602
64
66
1416
277
2285
170
2371
414
784
290
262
946
211
-1
587
386
1456
25
2424
36
268
2368
2632
127
686
481
455
637
602
2346
285
286
729
-1
2657
372
107
1363
574
-1
2300
181
615
700
524
-1
-1
2517
939
387
2401
372
1140
-1
48
156
1499
-1
89
965
503
-1
491
2448
2410
718
2783
144
762
-1
-1
474
-1
-1
248
898
2305
382
2543
1304
450
450
487
159
639
73
2503
490
744
2446
287
1034
2445
377
-1
1110
2303
189
2529
77
297
846
157
9
991
504
-1
365
547
273
2335
306
2533
212
2666
399
50
2277
2609
229
175
26
2431
801
-1
-1
-1
155
-1
354
684
882
-1
673
2509
166
-1
128
86
696
540
-1
2488
400
1413
1272
4
757
13
-1
555
675
224
727
297
-1
807
1013
281
282
2358
541
560
530
334
528
591
113
860
2282
212
416
419
525
250
-1
-1
351
1998
741
323
2099
-1
45
32
632
281
688
2678
392
745
256
214
208
500
769
2700
196
2577
793
272
1149
60
749
579
249
-1
120
2272
369
-1
238
1050
82
759
-1
2457
177
-1
559
75
14
421
200
157
42
2356
132
-1
149
-1
94
-1
468
1230
485
86
634
-1
209
-1
19
15
720
81
569
2314
330
236
1967
2307
480
1515
124
-1
658
545
-1
2474
470
-1
545
-1
632
791
15
41
620
-1
579
895
266
2450
198
446
135
2714
446
359
385
498
-1
174
173
-1
435
730
295
264
424
863
883
2708
83
2502
386
379
141
94
913
2331
310
2366
426
2611
1688
1102
472
316
1300
1316
549
2539
127
201
416
2348
720
2414
214
269
664
2418
217
869
32
393
820
642
2062
-1
197
1433
150
346
461
598
199
203
742
809
261
685
-1
357
459
110
108
279
278
2280
166
2485
101
812
475
2550
564
2310
361
2323
96
570
427
2486
39
225
443
-1
312
2589
654
328
1208
519
57
66
519
-1
69
2706
109
440
669
2551
221
2396
21
-1
559
2304
361
171
465
2581
207
2426
422
-1
553
668
1277
-1
165
2563
493
2579
760
-1
619
373
204
2483
546
2419
220
-1
772
-1
437
-1
107
56
1026
-1
92
623
834
804
243
403
721
-1
171
2433
526
122
724
323
987
2367
425
2449
293
869
588
1112
995
1481
763
1
621
2737
924
2818
650
2279
573
-1
685
-1
461
16
1389
870
340
375
222
423
871
404
520
332
1591
-1
68
-1
213
55
862
589
663
971
1168
910
934
-1
151
-1
644
2476
262
2675
40
2603
13
2680
756
-1
92
-1
82
247
1674
542
1786
309
364
346
842
671
1431
2382
132
23
439
2384
916
120
119
2292
163
578
803
490
608
1005
96
2319
99
313
1130
2334
105
2733
167
1234
649
3
288
517
1327
2751
425
-1
260
-1
782
635
739
884
989
489
857
1166
1046
509
1175
928
479
829
462
913
584
1002
1458
471
234
-1
309
2484
102
1023
27
434
570
-1
49
568
731
646
195
-1
902
2417
235
2344
433
1375
537
-1
112
-1
828
952
908
2330
101
384
780
2672
102
-1
510
1339
484
1491
851
1303
981
509
291
596
1453
345
983
1350
595
732
206
153
226
827
779
149
237
265
1357
771
258
133
432
960
494
2020
383
452
130
761
874
682
1077
259
1338
358
931
1067
133
645
1403
977
737
813
193
1400
903
1059
515
1352
1013
349
342
33
773
975
753
665
35
1137
1204
1118
255
692
1435
745
1271
1081
93
859
348
1355
1195
694
640
1081
917
1312
424
401
1210
1049
558
603
605
1388
1258
501
67
44
8
1833
98
1345
982
690
882
154
914
657
840
353
626
943
1676
775
185
65
5
1956
126
611
724
951
1
539
453
551
935
613
534
497
689
1525
848
1179
1191
725
1070
1016
1071
851
412
398
613
949
555
202
430
58
1027
366
1913
537
595
796
670
799
378
825
786
335
370
492
1468
146
380
1223
604
469
1871
505
1564
751
1011
590
284
1318
712
1381
609
643
1556
28
251
1419
886
717
563
152
436
1459
1147
907
478
1349
391
627
1310
1774
730
533
186
631
750
905
330
1094
1793
219
1212
314
593
1940
10
418
448
953
300
693
1443
795
292
970
1055
597
1694
72
1908
942
1089
940
1454
1379
350
1810
638
428
1279
748
1670
1028
148
1036
1476
1074
655
1251
599
24
1134
1001
1247
70
72
466
929
173
1461
607
1064
1059
1335
821
1067
411
947
90
641
544
752
1434
1572
2143
1144
355
362
1225
106
292
1184
1185
1696
1464
1288
1486
1407
1449
244
1200
397
571
191
1119
1298
718
1498
318
1457
138
1063
1263
1280
1330
736
819
1457
1154
876
1313
1033
752
1387
280
564
320
1450
192
525
317
1471
556
870
1763
1411
603
413
79
1281
652
1168
702
952
511
889
879
1048
488
1554
1483
11
650
327
164
1262
144
232
594
2082
1336
901
1662
1218
1283
1695
1359
778
1418
343
289
830
681
1654
1055
1366
845
1171
1260
1129
1244
341
2
741
307
1550
216
1022
550
1292
1259
458
1355
1303
1043
275
513
1390
1311
1344
1082
1062
43
915
1412
657
758
1056
1054
1968
445
1240
1014
1246
1306
1290
707
117
215
872
456
1522
1314
1092
1069
1414
1307
1029
1421
1372
1423
781
123
1521
20
1183
121
753
853
1101
659
971
899
1469
837
1158
992
420
535
1133
415
1269
1519
1570
405
1003
103
1224
999
85
881
597
1210
1267
679
1374
160
612
567
349
322
705
868
1199
789
1169
1157
552
1007
934
1080
1837
1464
1841
104
305
925
957
1430
1437
647
835
1207
1954
184
1241
1301
583
396
1178
911
1778
865
712
1774
1775
966
1736
1205
1278
1319
1451
506
71
755
1744
1297
976
921
1839
1474
1189
736
1710
1138
1098
1268
738
1079
1125
1141
1524
1700
1399
1227
710
1481
1203
1030
1232
1021
1193
1245
1172
1282
76
1008
1577
926
1167
1198
1420
1213
1763
1530
1294
1730
1977
1254
1337
1804
1113
1111
1554
1236
1706
143
1755
1151
1794
1233
1484
847
1628
1876
1373
136
1800
1060
1499
1274
1077
1406
1649
1489
854
1044
941
1107
1712
1514
1509
1930
1181
1867
633
1245
1500
1843
1406
1108
1570
1264
1331
1536
1024
1465
1804
1869
1718
1364
1123
1417
1042
1644
1078
1020
561
1263
1084
1501
1698
969
1209
97
1397
1516
1739
1008
1127
507
1360
1333
1450
697
2110
1746
713
1323
1237
1295
1897
1532
1106
2075
1578
1104
1277
276
1142
1356
1605
1617
1368
1949
1455
1235
1574
1741
1652
1115
678
241
1219
1501
1367
1136
1445
1473
1383
1384
1093
1625
404
1132
1088
1472
1610
1745
1427
907
1156
1468
2058
1051
1273
715
1666
1697
912
1519
1916
1205
1735
1685
956
709
276
1957
814
1583
575
1017
1017
1511
1153
1086
1176
1177
1358
2014
1350
1222
719
1693
1380
1036
766
1010
954
1244
1613
1085
566
1661
1624
1467
728
1373
1222
1895
959
1703
714
1396
1370
1727
1875
1764
1447
507
1617
1138
1220
1681
1438
1257
1239
867
1592
233
1511
1346
1791
311
1492
1472
2035
1637
1578
1724
1045
887
1364
1382
1576
1170
1223
1761
1444
527
1327
1096
1404
441
413
1848
1135
1715
1907
1328
441
1807
1108
1073
1400
935
1565
1527
1340
815
1236
1187
1381
1455
2163
1116
942
356
1261
2162
1615
1119
1590
1109
1796
961
1765
447
1602
333
1580
1678
1606
1019
1529
98
2174
1505
2054
1012
1385
777
616
1725
1734
993
1382
1194
1422
1701
1812
968
1216
1714
1679
1581
1226
687
1370
1047
1340
1972
1717
1748
1668
1325
1742
2185
1567
1612
1684
1676
1767
1321
1371
1563
1885
1535
1229
1756
1863
1708
1565
1713
1822
1091
1098
651
1615
1863
1651
1415
1859
1495
1585
1315
1414
1228
1213
2142
1123
831
1548
1720
1597
1253
805
2088
1290
2029
1780
1090
1546
499
1812
1704
1518
1891
1890
1534
2153
1604
1517
1097
1724
1985
1665
1813
1797
1757
1999
2007
2151
1661
1745
1781
1341
1392
2181
1718
1418
1928
1424
1683
1287
1843
1656
1641
1172
2183
2104
1043
1701
111
1769
1429
1416
1632
1058
1733
1606
1242
1906
1620
1479
2196
1798
1622
2247
1943
1588
1660
2231
1630
2248
1888
1721
389
2001
344
331
1789
1954
1135
1515
1361
1421
1580
1953
1586
1946
873
1465
1979
1958
1401
2106
1559
1982
1513
2242
2079
1072
1766
1549
227
1966
381
1310
1309
1737
1924
1898
2003
1646
1899
1820
1803
2202
1963
1131
1747
1221
1484
1878
582
1903
1785
1819
1895
1986
1933
1603
1831
1662
1451
1837
2017
2008
1573
1634
1984
63
1391
2010
1939
1405
1038
1312
1262
2024
2023
483
1250
1902
2036
1555
1753
2013
1885
1848
1682
1761
1395
1528
1739
1908
2259
1286
1732
1751
1821
1702
1497
1990
2111
1476
2055
1738
2005
1817
1538
1936
1502
2080
1675
1955
2081
2257
1508
1642
1740
7
1405
1939
1596
2068
1689
1927
205
1031
1498
703
2186
2052
2041
1965
1861
1211
1351
1672
1299
2160
1477
2018
852
1305
1919
1846
2161
1635
2131
1649
2013
1753
1105
1836
1783
1631
1552
2187
1894
2003
1777
1589
2024
1823
298
1994
2113
2112
1475
2177
2011
1503
1692
2100
1185
2062
1614
1887
1722
1170
2109
1886
1065
1912
2131
2130
2133
2132
1817
2226
1173
1544
2063
1850
1982
143
1639
1879
1361
653
2147
2146
2005
1873
2232
1770
1542
1942
1773
1548
2114
1975
1801
1970
2085
460
1647
909
2165
2164
2157
1974
2029
2036
1846
1919
1752
2097
1809
1659
1658
1841
1851
2139
1910
2016
548
1726
1877
1840
1816
1805
2123
1827
2189
1989
1599
2102
2170
1354
1938
1779
2093
2175
1619
1638
1991
1496
1643
1428
1768
1523
1900
2122
1829
1978
1760
1749
1566
2166
1826
1857
1558
2158
1881
2088
1864
2124
1815
1211
2135
1139
1329
2154
1629
1945
1716
2006
1824
2045
1896
1759
1640
2070
1296
1930
1601
1559
1182
2001
1751
1539
1551
1131
1623
2128
1357
945
1243
1934
1616
2061
1964
2040
2729
2315
140
2283
294
296
144
2427
2439
2575
2931
2287
160
2460
2288
2279
2289
521
2845
860
754
166
573
170
2515
408
3230
157
159
50
2271
2302
924
2987
2292
2280
386
2296
2310
2450
444
2300
167
500
794
480
2571
654
2465
2941
762
2264
200
2548
650
2641
2617
2594
2434
932
2321
2981
319
764
2434
96
2328
2681
365
301
1000
704
2484
2329
936
514
2449
2900
306
2345
2348
2578
3042
2346
990
332
433
242
720
2304
2264
2622
2310
2448
2529
2381
630
2496
564
2539
400
2366
2831
3064
2361
2367
706
844
425
285
2367
410
2707
2372
2353
254
2655
2564
2380
2960
2706
253
916
2391
920
2393
2587
2341
21
248
2621
246
2908
245
189
2574
790
2453
2400
2405
372
454
2305
2862
2472
210
2421
2881
2534
2581
468
2419
2533
2409
722
212
2415
988
726
818
239
220
36
2429
422
221
800
2267
2431
235
2431
526
2429
838
321
2978
2552
2411
2428
207
2425
2425
2559
2393
3864
496
493
2448
467
846
676
2645
2396
40
2722
2375
42
620
2568
203
158
2272
2476
2478
2767
41
2424
2865
2593
347
361
3186
2268
2582
662
2430
894
2668
377
2445
2627
156
2358
816
974
756
768
2732
546
2483
2556
2335
77
2304
2826
272
2360
2713
2609
2335
2338
2514
698
490
2391
2895
2754
3162
2418
538
2297
2453
2312
168
2282
2283
2281
451
2566
337
2519
2417
2266
2400
2590
2632
2477
2455
2487
502
2492
382
2305
516
2415
2300
2638
198
2537
716
127
214
2414
482
2280
2330
2325
2326
2485
2360
760
788
2421
2424
3995
293
2449
2485
2855
38
2450
2323
2332
808
2446
2296
161
2601
2459
2652
392
2334
2850
13
2381
177
2456
602
2346
810
2539
798
2439
2535
2291
181
2531
134
2384
774
2307
2294
2456
99
2323
2711
2663
2560
2989
101
2330
39
2303
898
2573
2704
2413
2303
2299
522
2938
708
2402
2289
2282
2718
2499
2643
3053
2513
131
287
46
2465
2817
2327
2614
2295
2738
2739
2549
2362
426
2366
2384
402
2968
182
2566
2665
2963
2901
2607
323
2818
334
2329
2276
2819
163
2292
105
2334
2917
2336
2656
2356
438
2589
2715
3083
2620
3161
2491
2333
2386
518
2821
264
2830
132
2382
1004
2672
2518
896
2668
2527
592
2570
900
2328
2314
2644
262
2476
196
2686
2592
2512
2327
2500
2383
2661
2347
2269
12
2347
102
2484
600
2686
2943
3028
217
2418
784
2375
696
2319
2843
2750
2872
2729
680
2420
3445
2545
2646
229
2433
109
2356
2876
2794
15
2635
2732
2396
2521
2720
2490
2443
938
2302
2781
2583
856
2517
2565
2801
2324
2311
2284
2349
47
2287
2640
2921
310
2331
946
2368
2626
2746
2756
2371
2523
2757
2385
2688
2979
3110
2910
2441
2630
2762
3085
2355
2493
3026
3299
2697
2602
2773
2740
2558
2546
2524
2586
2544
2864
2730
470
2785
2742
2787
2779
2542
2927
2769
3214
2705
2605
2412
2788
2451
2392
2339
2772
2623
2308
2639
2802
2452
3131
2807
2944
3101
3072
2734
2510
2316
2318
2576
2814
2808
2709
858
2857
2932
2481
2520
3321
2462
2727
2550
2489
2658
2524
2685
2752
2398
2370
2379
2399
2835
3308
3108
2624
2683
2792
2730
2464
2516
2627
2263
2584
2508
2792
2561
2317
2447
2692
2350
2600
2273
2667
2726
2858
2525
2479
2352
2613
2626
2924
2841
2650
2867
2494
2630
2440
2764
2836
2608
2567
2974
3077
2588
2665
2397
2773
2580
3910
2996
2965
2619
2754
2679
2664
2923
3219
2948
2898
2893
2536
2815
2354
2772
2261
2804
2511
2880
2863
2822
3144
2786
3302
2569
2701
3095
2423
2764
2699
2562
2340
2557
2855
2847
3104
2604
2852
2728
2693
2553
2912
2925
2406
2436
2870
2990
2790
3044
2506
2416
3096
2866
2789
2783
2498
2530
2897
3158
2736
2538
2765
3046
2480
2341
3971
2741
3960
2735
2954
2833
2755
3070
2468
2840
2463
2861
3931
3139
2671
2747
2950
2572
2768
2920
2466
2924
2504
3152
3092
2687
3242
3028
3223
3222
2633
2860
2914
2839
3172
3346
3147
2829
3017
2301
2778
2931
2676
2526
2761
2838
2673
2913
2748
2825
2435
2320
3388
3006
3055
3003
3129
2625
2884
2467
2866
3071
2849
2890
3334
2403
2634
3250
2351
3133
2853
2748
2758
2806
3208
2942
2677
2379
2943
2743
2947
3103
2947
3086
3117
2851
3399
2896
2710
2731
3066
2532
2825
2859
2903
2274
2467
2631
2929
3039
2343
3038
3150
2905
2975
2992
3054
3061
3061
2958
3868
3293
2956
2275
2781
2980
2993
2387
2892
2690
2653
3041
2928
2937
2874
2806
2842
3008
2936
2970
3073
3102
3343
2933
2902
2315
2298
2775
3082
2753
3034
2320
3087
3093
3021
3146
2774
3095
3142
3027
3012
3213
2442
2873
2702
2976
2887
3088
3217
2834
3946
2359
2879
2802
2653
3259
3369
2799
2893
2955
2631
3453
3074
2390
2775
2365
2953
3525
3113
3129
3036
2694
3137
2899
2803
3153
2432
2925
3042
2983
3183
3123
2998
2935
3263
2596
3038
3084
2906
3079
3080
3050
3207
2376
2747
2595
3006
2997
3070
3022
3158
2662
2946
2724
2873
3312
3104
3002
3127
3000
3239
3065
3170
2606
2723
2660
3148
2703
3195
3179
2930
3267
2899
2404
2937
3232
3672
3067
3150
3156
3251
2973
3398
3229
3007
3031
3194
2952
3196
3175
2935
3020
3156
2894
2930
2809
3076
3255
3033
2791
3100
2270
2710
3294
3032
3147
3364
2373
3025
2598
3181
3131
3392
2889
2981
3157
3253
3265
3010
2982
3228
2868
2933
3500
3271
3331
3171
3132
3403
3069
3166
3241
3290
2811
2918
3106
3087
3501
3372
2760
2896
2669
3054
2967
2636
2342
3099
3119
3003
3149
3097
2629
2505
2615
2392
3136
3264
3112
3133
2919
3326
2471
3220
2964
3266
2797
3033
3009
3077
3628
2907
3258
3446
3289
3201
2795
3011
3212
3030
3187
3288
3167
3290
3080
3163
3103
3261
3314
3190
2977
3274
3205
3300
3173
2763
3089
3193
3005
3507
2972
3308
3358
3188
2286
3380
3211
3178
3190
3283
3057
3272
3423
2770
2363
3108
3243
3295
3249
3197
3056
3178
3359
3234
2716
2809
3397
3221
3318
3215
3375
3353
3296
3524
3197
3268
3491
3145
3285
3390
3451
3231
2999
3409
3279
3206
3361
2891
3435
3675
3016
3189
3199
3097
3245
3526
3094
3360
2926
3227
3204
3115
3422
3280
3159
3024
3169
3334
3029
3176
3155
3166
3164
3184
3550
3004
3268
3325
2994
3534
3345
3378
3277
3300
2805
3271
3018
3180
3203
3151
3090
3035
3303
2507
2985
2791
3495
3485
3458
3519
3275
3151
3257
2662
3417
3540
3350
2771
3273
3180
3329
3233
3165
3455
3283
3310
3037
3100
3368
3462
3478
3416
3410
3387
3001
3282
3437
3365
2877
3278
3466
3407
3429
3482
3548
3530
3292
3258
3317
3318
3379
3565
3339
3209
3639
3426
3380
3287
3306
3128
3297
3373
3472
3456
2984
3436
3408
3399
3395
3339
3472
3435
3369
3391
3505
3459
3546
3414
3382
3580
3311
3319
3288
3438
3506
3551
2962
3279
3060
3444
3371
3371
3389
3448
3091
3362
3247
3459
3269
3457
3383
3625
3315
3340
3469
3637
3316
3458
3355
3355
3309
3479
3051
3001
3419
3521
3393
3514
3517
3282
3827
3473
3432
3589
3732
3354
3415
3539
3343
3327
3425
3340
3454
3023
3688
3493
3331
3411
3578
3614
3298
3168
3023
3571
3524
3757
3333
3484
3013
3559
2618
3420
3508
3320
3876
3529
2837
2823
3570
3451
3450
3609
3659
3465
3608
3756
3374
3240
3442
3286
3384
3568
3497
3461
3464
3351
3551
3615
3412
3370
3758
3382
3386
3555
3749
3676
3566
3632
3664
3579
3520
3480
3553
3338
3564
3592
3449
3673
3527
3313
3609
3683
3427
3629
3604
3619
3584
3567
3511
3520
3773
3512
3597
3627
3783
3498
3336
3598
3577
3772
3348
3553
3600
3405
3437
3650
3587
3647
3549
3566
3352
3114
3513
3765
3541
3363
3631
3739
3605
3556
3545
3470
3487
3600
3447
3614
3610
3779
3509
3440
3662
3787
3620
3463
3660
3657
3547
3702
3666
3656
3191
3525
3307
3185
3430
3535
3483
3625
3347
3471
3406
3413
3643
3441
3467
3481
3515
3516
3755
3460
3671
3731
3489
3404
3653
3694
3356
3502
3781
3704
3413
3531
3794
3712
3120
3452
3523
3502
3636
3779
3866
3618
3665
3642
3792
3636
3468
3677
3573
3338
3516
3518
3630
3357
3481
3576
3707
3357
3737
3332
3685
3671
3777
3633
3433
3513
3474
3715
3753
3787
3537
3840
3488
3680
3621
3692
3670
3595
3434
3730
3812
3607
3477
3431
3705
3799
3341
3706
4164
3595
3542
3744
3503
3703
3574
3616
3669
3677
3641
3717
3590
3603
3557
3541
3788
3764
3588
3593
3623
3950
3281
3616
3784
3818
3678
3652
3591
3724
3569
3611
3611
3759
3381
3724
3648
3664
3719
3953
3734
3612
3126
3560
3976
3735
3443
3644
3476
3740
3681
3439
3695
3718
3603
3699
3763
3748
3670
3701
3769
3805
3809
3499
3766
3831
3775
3847
3696
3814
3752
3856
3833
3708
3754
3800
3635
3802
3655
3697
3829
3797
3723
3819
3682
3522
3710
3762
3575
3885
3811
3716
3798
3784
3654
3840
3700
3649
3791
3617
3838
3687
3832
3774
3796
3862
3845
3686
3585
3883
3727
3624
3761
3801
3745
3860
3562
3844
3922
3552
3853
3866
3846
3895
3825
3747
3875
3859
3583
3815
3861
3880
3846
3909
3863
3875
3720
3778
3842
3791
3803
3582
3841
3823
3676
3820
3751
3602
3810
3917
3711
3725
3827
3850
3804
3786
3770
3862
3726
3816
3873
3945
3563
3543
3873
3855
3852
4101
4086
4172
3622
3736
3812
3849
3709
3738
3826
3921
3898
3709
3965
4021
3901
3863
3843
3955
3989
4072
4084
4094
3984
4019
4216
4017
3729
3888
4010
3881
3813
3874
3906
4105
3937
3874
3837
3899
3808
3871
3807
3900
4028
3888
3952
3999
3826
3865
3902
3972
3918
3865
4071
3892
3967
3824
4007
3878
4038
4008
3969
3854
3931
4185
3914
4217
3982
4013
3887
3876
3848
3980
4074
3972
3645
3946
3994
3958
3987
3767
3904
3954
4216
3998
4021
3790
3884
3999
3872
3932
3839
3971
3951
3924
3879
3869
3932
4048
4050
3939
4121
3785
3897
3864
3890
3943
3926
4015
4077
3939
4173
4104
4054
4210
4169
4184
4079
3790
3968
3974
4183
3970
4058
3937
4005
3970
3926
4111
4183
4072
4000
3990
4084
4068
4010
4058
4066
4213
4101
4038
4026
4066
4162
4103
4036
4094
4110
3966
4170
3986
3956
4162
4055
3746
4047
4022
4194
3966
3933
4181
3986
4085
4100
4022
4061
4030
3979
4183
4080
4208
4046
4022
3914
4099
4102
4084
4120
4075
4075
4057
4059
4094
3935
4187
4086
4106
4080
4052
4085
4086
4025
3947
4081
3934
4078
4079
4098
4041
4119
4076
4081
4114
4124
4026
4098
4103
4100
4014
4107
4090
4063
4091
4096
4060
4092
4088
4118
4115
4186
4104
4082
4076
4135
4122
4126
4128
4195
4101
4125
4161
4153
4093
4163
4111
4211
4121
4157
4191
4092
4144
4134
4218
4099
4150
4119
4143
4112
4143
4065
4146
3746
4045
3957
3938
3923
4028
4062
4033
3915
4024
3936
3961
3985
3949
4180
3915
4178
4073
4009
4034
4029
3977
4132
4097
3698
4215
4087
4144
4002
4032
4070
4140
3962
4199
4029
4197
3925
4172
3991
4044
3993
3973
3851
4184
4083
3979
4027
4148
3929
4051
3870
4189
3938
3979
4155
4136
